0.38758084 0.41258854
0.3968088 0.42016897
0.3915007 0.4317372
0.41541976 0.47551066
0.3936307 0.38413465
0.40072185 0.37962827
0.39503804 0.35955718
0.39434603 0.30245465
0.3959339 0.3740943
0.39363426 0.25183088
0.38980293 0.30155274
0.41175446 0.47335216
0.40458196 0.44389635
0.49156106 0.42613125
0.39450097 0.3996631
0.38988063 0.3304056
0.41148642 0.12423798
0.40108204 0.2806067
0.39628476 0.49714348
0.4093224 0.42740873
0.3853268 0.45899382
0.4048272 0.4084302
0.39329627 0.26559523
0.3853268 0.17617372
0.39489767 0.44264263
0.39669725 0.3643891
0.3967852 0.41302198
0.39071688 0.26858652
0.40196842 0.31814852
0.39433613 0.3936364
0.39566514 0.3802986
0.4153964 0.4848825
0.41214618 0.5810767
0.40485373 0.38013127
0.39425293 0.2456093
0.40968376 0.34986156
0.3965434 0.38500196
0.39893097 0.3244208
0.41775632 0.46737397
0.38824615 0.52842826
0.4143611 0.38554126
0.40365908 0.35101563
0.40238306 0.44256616
0.39205688 0.44727018
0.3853268 0.16729389
0.39408505 0.3070008
0.40777737 0.53523403
0.3887784 0.39374265
0.39428338 0.23935409
0.39273262 0.3879829
0.41864893 0.38942882
0.3869787 0.34501418
0.39547423 0.4117278
0.398496 0.43502003
0.38916892 0.3260583
0.40041173 0.39293632
0.397872 0.4327495
0.41250017 0.11983234
0.38957697 0.1509874
0.41621774 0.22237772
0.39787823 0.43475568
0.40096867 0.4042931
0.40801907 0.39692405
0.39717144 0.37039596
0.3937738 0.34772983
0.41887534 0.48247823
0.39874807 0.47383395
0.39449075 0.37078762
0.40012363 0.4114137
0.40054604 0.22801329
0.40106335 0.3976449
0.40175363 0.41664514
0.40671954 0.4049989
0.39610338 0.42777136
0.3971841 0.69094396
0.38997635 0.427379
0.39361936 0.38391876
0.3959275 0.29757577
0.39537665 0.3724436
0.39756855 0.42364982
0.3853268 0.14758849
0.4043861 0.4840959
0.39630958 0.40360764
0.39439693 0.3982172
0.40019894 0.3866838
0.39743307 0.41327834
0.39643407 0.36218798
0.40002495 0.29351705
0.39816025 0.41588232
0.3853268 0.38417134
0.3917925 0.15649918
0.40287435 0.389448
0.39589176 0.674737
0.3884482 0.46283296
0.39717844 0.36195523
0.38832703 0.55429757
0.4051481 0.41489485
0.39375877 0.64802814
0.3853268 0.15062605
0.39466387 0.39754087
0.39330274 0.30987424
0.39928174 0.4446534
0.3853268 0.15222089
0.39405036 0.37551633
0.39315307 0.34365803
0.39062777 0.40976205
0.42253444 0.48022
0.3877621 0.0910617
0.4090476 0.2826524
0.3941528 0.35087806
0.4079628 0.46668643
0.39558676 0.4031206
0.38984892 0.36924842
0.39404163 0.42103475
0.3960951 0.37130964
0.39376393 0.35575244
0.38991594 0.4218207
0.39839116 0.43038166
0.38897207 0.4170045
0.38992777 0.41432342
0.40136197 0.4581085
0.3897707 0.3942046
0.42763293 0.4068737
0.41776958 0.442214
0.39586323 0.43893054
0.39658532 0.39640403
0.38955843 0.21198067
0.39650753 0.39726743
0.38993892 0.43626237
0.38921103 0.28476235
0.41345304 0.44788665
0.4171075 0.14920647
0.3959376 0.44395933
0.3906897 0.40929168
0.3956447 0.32884067
0.40594223 0.42901248
0.40704465 0.4229619
0.39702162 0.40790078
0.39309254 0.29088178
0.3988539 0.3291602
0.4083408 0.39768794
0.40485743 0.43181017
0.4056578 0.46596587
0.39366594 0.61139035
0.3944043 0.39047676
0.39781445 0.21614914
0.4301652 0.32703122
0.39509428 0.23173839
0.39908475 0.67617404
0.389561 0.15069689
0.39828774 0.41768327
0.39588866 0.4106417
0.39955643 0.37568435
0.42068756 0.24071366
0.4073755 0.36337906
0.3899187 0.42809856
0.4018187 0.45516482
0.3950802 0.38201356
0.38610438 0.749676
0.39378715 0.42868617
0.3989978 0.4345768
0.3990811 0.42571232
0.39621076 0.27128646
0.38926417 0.36280426
0.3947908 0.3413607
0.39494523 0.4067995
0.3937857 0.45290524
0.43795025 0.44181004
0.3989883 0.4022605
0.39569116 0.37190622
0.39845327 0.44152877
0.4019228 0.39843127
0.39986905 0.40899605
0.41014576 0.40868133
0.40029478 0.38578966
0.3959891 0.38717073
0.39526752 0.39081654
0.39535478 0.4222952
0.39550897 0.40260613
0.39824682 0.4010601
0.39765012 0.3573951
0.40093514 0.41797113
0.39601082 0.37141958
0.3853268 0.4216806
0.39874598 0.41100058
0.39772987 0.40084577
0.38917786 0.43004844
0.3974921 0.8789223
0.41001913 0.4111415
0.3853268 0.15087524
0.389897 0.41205284
0.4003332 0.5440001
0.40433666 0.39040825
0.3853268 0.37667766
0.40208134 0.74492025
0.39573002 0.4272794
0.40608844 0.4161966
0.40324154 0.35116398
0.39480022 0.43546215
0.39069068 0.67832136
0.40620503 0.102116674
0.4077421 0.6590785
0.3964469 0.40343848
0.39803448 0.21358965
0.3959275 0.40331274
0.396553 0.39019215
0.42064494 0.4767168
0.38902566 0.41168028
0.40463713 0.38544878
0.3958508 0.60257095
0.38682064 0.38121223
0.3988715 0.42644346
0.38992652 0.4234674
0.39376247 0.36429894
0.40004978 0.438937
0.3893422 0.44855398
0.39633143 0.4102815
0.38982138 0.47249863
0.3853268 0.19889778
0.38949877 0.436363
0.3932466 0.457791
0.40901756 0.424962
0.39185697 0.16300917
0.38816595 0.42410806
0.39390844 0.4082119
0.39607602 0.3101959
0.40879318 0.4312153
0.38890895 0.33413646
0.40015244 0.42415136
0.3853268 0.411088
0.39426324 0.4599125
0.3891493 0.36460707
0.40842435 0.44773927
0.3899826 0.37860766
0.4077737 0.43187356
0.4103422 0.4655982
0.3951752 0.37535253
0.40213442 0.39857826
0.38626224 0.40232393
0.39658055 0.36356616
0.43293735 0.45236167
0.3978531 0.66955435
0.393134 0.26469007
0.40438598 0.40227538
0.4191271 0.39768925
0.40351492 0.40711197
0.40807486 0.44136515
0.39151514 0.42062715
0.38784128 0.36613336
0.3986272 0.37431517
0.3853268 0.4764911
0.39802486 0.40138108
0.38935667 0.4592824
0.40563267 0.28481376
0.3895156 0.39439416
0.3959357 0.40677917
0.39904398 0.16926806
0.39547032 0.37029997
0.41013792 0.37134355
0.40871057 0.43605295
0.398649 0.2107479
0.39614946 0.42172444
0.38985133 0.25017715
0.399755 0.2586859
0.39343548 0.38334867
0.40208685 0.35613924
0.3861383 0.39769733
0.39414635 0.43864733
0.38590527 0.42217562
0.3853268 0.15485552
0.3933994 0.38615754
0.396046 0.39563745
0.40126374 0.7036411
0.39346752 0.22675052
0.38871825 0.46813732
0.41942993 0.6534826
0.3938248 0.3552459
0.39634714 0.36097574
0.40356168 0.42622468
0.39436257 0.283461
0.39897618 0.25598913
0.40227148 0.37157372
0.39642766 0.39644146
0.43431842 0.46955562
0.3946071 0.40244716
0.38865995 0.42602217
0.3937091 0.39671627
0.3963674 0.37218225
0.4020287 0.6868361
0.39881974 0.3931622
0.39700794 0.42093784
0.3899789 0.43393648
0.39564583 0.34232527
0.39556092 0.34745702
0.39331877 0.6670521
0.3941012 0.44560134
0.38971105 0.3745405
0.39094245 0.79612267
0.40991843 0.45525098
0.3946674 0.39355427
0.3972294 0.521885
0.4163441 0.4645478
0.40127328 0.38873217
0.3898176 0.46030545
0.38866258 0.42451096
0.3949037 0.23919626
0.3932755 0.26978356
0.40403596 0.42663243
0.39250252 0.8050125
0.40052986 0.18639229
0.3857311 0.4067565
0.3940959 0.35538408
0.3981841 0.33722675
0.40338928 0.34322393
0.40364945 0.6402683
0.3898858 0.3367892
0.41936633 0.31527853
0.4070768 0.40061355
0.39535236 0.42158407
0.39688998 0.42059073
0.3853268 0.25421873
0.38831198 0.4195058
0.40312615 0.38265255
0.4015666 0.37827224
0.38908103 0.5029555
0.38912398 0.17364949
0.4055873 0.44663906
0.38890082 0.27164
0.40695772 0.34526247
0.39421764 0.77336156
0.38836443 0.13857777
0.3949371 0.37445295
0.38597277 0.28980905
0.40120244 0.40753916
0.40326265 0.41866848
0.39430627 0.3713059
0.40619454 0.33567932
0.39708042 0.36754832
0.40837842 0.39964998
0.3903788 0.43883255
0.3853268 0.15294471
0.396271 0.38848367
0.39801815 0.41081852
0.39471054 0.36909017
0.38628945 0.38864404
0.39441776 0.34453008
0.39450887 0.40700206
0.4015406 0.31565621
0.38627356 0.29997385
0.3944727 0.2615791
0.4060853 0.38523927
0.38630775 0.40463948
0.3853268 0.23617217
0.3853268 0.12141393
0.3936338 0.40947574
0.39413553 0.3982373
0.40795776 0.4632629
0.4251786 0.42725575
0.39544654 0.39634353
0.38950944 0.3622564
0.4052107 0.41761032
0.39729142 0.37491152
0.41427454 0.45834947
0.39556527 0.16977067
0.38896528 0.21328063
0.4040181 0.46504515
0.38931954 0.123365596
0.41301075 0.22119796
0.4093728 0.38435784
0.3922104 0.41882065
0.3960107 0.36275122
0.39478546 0.25493333
0.39417055 0.4065049
0.3953968 0.37778112
0.3893323 0.04620836
0.38543424 0.35716173
0.3890283 0.20926447
0.3853268 0.09138922
0.40147302 0.40675282
0.39062572 0.30991653
0.39443907 0.34377107
0.3924439 0.3892698
0.40978774 0.36787823
0.40535083 0.42036524
0.3898388 0.21087676
0.39758092 0.40263125
0.39382875 0.43962318
0.40481555 0.366145
0.398707 0.42015943
0.3983238 0.40851906
0.3940639 0.36408234
0.41712376 0.46224356
0.40068918 0.3817456
0.39909506 0.3868978
0.40367565 0.37633815
0.40787262 0.27491853
0.39662573 0.669977
0.3945293 0.37501526
0.40833297 0.38562766
0.39880875 0.5759945
0.4146385 0.33898246
0.40239662 0.2487358
0.39921138 0.48044744
0.3853268 0.21271342
0.3943653 0.25248045
0.40283254 0.45877075
0.4036115 0.19084802
0.3889014 0.36889696
0.39801258 0.4468375
0.40842503 0.42065513
0.4046433 0.37611246
0.3944092 0.40044877
0.39509648 0.40395674
0.39494056 0.43034065
0.3853268 0.46878245
0.40296584 0.1653853
0.39710045 0.49397144
0.398179 0.6661327
0.40139243 0.42956457
0.39535272 0.5344612
0.39399698 0.39731607
0.38869742 0.10615613
0.3853268 0.4077328
0.40747103 0.8649447
0.39820564 0.36547565
0.40173364 0.41793332
0.38948497 0.38073692
0.39387098 0.37669805
0.39508447 0.41759777
0.3994485 0.29549116
0.3888538 0.15442958
0.39737272 0.423987
0.40015244 0.40158013
0.39642364 0.36513397
0.39549136 0.6104698
0.39609745 0.24101561
0.4003592 0.74337065
0.3853268 0.48078606
0.40652436 0.35153723
0.39830932 0.75924045
0.40303615 0.83068633
0.39710578 0.4211394
0.39523163 0.37788194
0.39648762 0.3730859
0.39444363 0.43091515
0.3961519 0.3791512
0.39001313 0.44391698
0.3853268 0.22548628
0.3853268 0.2902828
0.3853268 0.13538799
0.38863736 0.39162874
0.38999444 0.25818846
0.40350997 0.43878916
0.3952068 0.39224654
0.39837605 0.6647498
0.38827795 0.45680445
0.39840716 0.4231306
0.41199666 0.3154751
0.3956691 0.3749781
0.3965958 0.43140486
0.39808306 0.39042243
0.41960284 0.47491485
0.39849046 0.25100154
0.39344728 0.43215835
0.39803866 0.42215362
0.40361083 0.42327648
0.3856503 0.068003386
0.40261233 0.3389396
0.40104574 0.44788936
0.3886076 0.17866571
0.3884165 0.67710733
0.3972311 0.37066272
0.38828614 0.40172017
0.39678428 0.42814916
0.39439675 0.30332673
0.38998798 0.3699407
0.40498078 0.51773524
0.39907652 0.38049552
0.3898962 0.42162395
0.39858052 0.44149807
0.3853268 0.42808083
0.39389527 0.7578808
0.39506742 0.3269049
0.39533022 0.4277431
0.39834216 0.39138556
0.4145531 0.4720325
0.40076235 0.45501396
0.41811955 0.4768221
0.40164202 0.24810955
0.4075265 0.43029028
0.39496902 0.30470833
0.3942015 0.43296102
0.3895154 0.37395215
0.3947884 0.4502567
0.39555874 0.4019462
0.39507654 0.39053932
0.39601701 0.40966707
0.38945416 0.36244515
0.3987709 0.67708045
0.39904913 0.4051205
