-1.7933376 -2.5294528
-1.168253 -1.2705991
-1.2906389 -1.3083386
-0.44683647 -0.2589426
-0.5517504 -0.4944787
-1.1045504 -1.391581
-1.4156017 -1.1829054
-1.5739708 -1.474011
-1.2996335 -1.2986455
-1.1866448 -1.0316286
-1.2930157 -1.465543
-1.2371154 -1.3541243
-1.4353046 -1.2397883
-1.0539858 -0.6342852
1.6175795 0.17650986
-1.3728657 -1.6182411
-1.43065 -1.4147446
-0.32861137 -0.03542471
-1.1074278 -0.27616358
-1.3563795 -1.6011314
-1.2925286 -0.8246944
-1.3890088 -1.24123
-0.7830725 0.40548944
-1.0309451 -1.2294145
-1.593308 -1.4651031
-1.5764203 -1.685077
-1.0549977 -0.99392104
-1.3511882 -1.3557107
-1.1436703 -1.5802205
-1.8001931 -1.9625301
-1.1859608 -1.221236
-0.9368503 -0.78474617
-1.6094258 -1.4383516
-1.3697944 -1.5665677
-0.60468936 -0.2718191
-0.908252 -1.0138886
-1.3458042 -2.3123095
-1.5063286 -3.0941572
-1.2791264 -1.0021672
-1.722774 -1.7964315
-1.6539309 -1.7345617
-1.3486617 -1.497186
2.0180383 2.325327
-1.3314977 -1.3363183
-0.91375756 -0.7035773
-1.1788931 -1.3075421
-1.5450215 -1.7640512
1.9564586 2.0727081
-1.3150356 -1.4719968
-0.7462032 -0.7254102
-1.4462252 -1.6485825
-1.5968702 -1.705513
-1.407202 -0.5232041
-1.4657471 -0.4513607
-1.6593087 -1.4693942
-1.4693675 -1.5595102
-1.556236 -1.2523038
-1.5709207 -3.497426
-1.4460986 -1.2952697
-0.44422817 0.102395535
-1.4429498 -1.5610666
-1.6196723 -1.6204479
1.2854943 1.4066935
-1.4610345 -1.4156089
-1.4276772 -1.2156963
-1.0034287 -0.970469
-0.9337709 -1.064852
-1.3353696 -2.2229373
-1.6344442 -1.7503932
-0.3750229 2.3029199
-1.4003577 -1.1937592
-1.3727393 -1.1779902
-1.4133978 -1.5077682
-1.2143571 -0.97453284
-1.1757536 -1.1694183
-1.4562125 -1.7062755
-1.7689731 -1.6383159
0.2431283 -0.7343805
-1.1061094 -1.134803
-0.56656146 -0.069087505
1.2329936 -0.96568656
-1.1072023 -0.9462538
-1.6143603 -1.7757237
-1.4552612 -1.4733839
-0.55041575 -0.49261284
-0.757437 -0.9420221
-1.4392936 -1.6403401
-1.5529661 -3.4586477
-1.1984274 -1.0333507
-1.5613549 -1.5526464
-1.6227221 -1.3397381
-1.6342688 -1.787257
3.6129985 4.4113708
2.0238447 2.1195335
-1.3112543 -1.1119015
-1.5942638 -1.3755846
-1.5435176 -1.8470283
-1.4761724 -1.6253307
-1.2899153 -1.4254098
-1.2533879 -1.4414217
-1.614563 -1.19454
-0.7956197 -0.4242177
-1.4946008 -0.70101
-1.5723257 -1.6501877
-0.96864533 -1.4448714
-1.5515251 -1.2076595
-1.193501 -0.8654871
-0.96951675 -0.46512222
-1.407522 -1.7113187
-1.3377228 -1.1502261
-1.0603299 -1.1600025
-1.1718509 -0.994679
-1.4796801 -1.4757767
-1.1041312 -1.6361337
2.1811547 1.759932
-1.0895996 -1.1261151
-1.5674767 -1.8724537
-1.2426944 -0.5959506
-1.4228704 -1.4278977
-1.5355155 -1.6845105
-1.2191095 -2.1061919
0.35413456 0.86678934
-1.6676981 -1.296843
-1.715092 -1.9212224
-1.6786301 -1.6647837
-1.5433178 -1.8975132
-1.1451955 -0.8668642
-0.9379339 -0.5943625
-1.0769265 -1.0756788
-1.3853173 -1.5414314
-1.2462833 -1.7992861
1.4848585 1.7876544
-1.5384576 -1.5136282
-1.0074086 -0.922441
-1.320584 -1.0705161
-0.8704181 -0.92503023
2.9065022 3.1394348
-1.3565869 -1.3681674
-1.5727768 -1.4548542
-0.75229716 -1.0025764
-1.7360711 -1.7027512
-1.4556837 -1.6235931
-1.3916914 -1.4174778
-1.4359977 -1.3622828
-1.6897738 -1.790345
-1.6021628 -1.5402546
-1.6898983 -1.7552557
-1.4771419 -1.647305
-0.55518293 -0.82295084
-1.4791715 -1.5780053
-0.64496374 -0.6919453
-1.6171265 -1.4801102
-1.614845 -2.896027
-1.6289401 -1.3411801
-1.1586189 -1.3588781
-0.1780181 0.36998796
-1.2808352 -1.4149334
-0.4603765 0.014295101
-1.8230891 -1.7438347
-1.4096763 -1.5690053
-1.0977001 -0.6527777
-1.2066464 -1.3302662
-1.2309613 -1.2996728
-1.4885433 -1.1270673
-0.3490739 -0.5658283
-1.2685533 -1.3498058
-1.4705548 -1.1943765
-1.477606 -1.6345239
-1.6303096 -1.9725962
-1.719115 -1.7645884
-1.7141111 -1.695133
-1.4311619 -1.4180503
-1.2926772 -0.94505763
-0.79118586 -0.80762744
-1.7884607 -1.83515
2.1495643 2.7118979
-1.4076774 -1.3901656
-1.0834002 -1.1660676
-1.6214888 -1.8178179
-1.6628261 -1.5300453
-1.4046252 -1.5633919
-1.1936007 -0.98593426
-1.3168211 -1.5770936
-1.2463596 -1.1806552
-1.4557498 -2.6690197
-1.5700073 -1.3429565
-1.7606053 -2.2457664
-0.70263124 -0.44784975
-1.7395542 -1.6674473
-1.2452672 -0.5917454
-1.689168 -1.7860532
-0.9297731 -1.096638
-0.8529415 -0.90242267
1.3194461 0.75550413
-1.5699451 -1.811466
-1.6566496 -1.9084604
-1.6875875 -1.784178
-0.6821387 -0.76038265
-1.239532 -1.3643322
-1.6378548 -1.3576348
-1.3904753 -1.2643521
-1.5595014 -1.5288031
2.288382 1.7130046
-1.3659751 -0.552654
-1.5410876 -1.1512284
-1.7429492 -1.4924715
-1.5316978 -0.9214809
-0.9822202 -1.0691957
-0.8896818 -1.020489
-1.6446185 -1.5112698
-1.3879607 -1.2933128
-1.380122 -1.6106055
-1.57816 -0.11901808
-1.5654624 -1.50771
0.7820778 2.094499
-1.6923063 -1.7868834
2.5212398 2.838138
-1.2450647 -1.5177038
-1.3653953 -1.6912429
-1.7285283 -1.9989498
2.2929125 2.1575947
-0.77008224 -0.28514194
-1.0579708 -1.0837922
-1.4974947 -1.4990859
-1.4187984 -1.4243197
-1.0653048 -1.1560013
-1.7199984 -1.5121396
0.9175463 0.61651564
-1.1947742 -1.0804954
-1.292278 -1.3159769
-1.4051466 -2.3154426
0.81016445 0.12542629
-1.5588679 -1.6360126
-1.1420834 -0.5339973
-1.332859 -1.3133307
-1.5928628 -1.9533622
2.0563755 -0.18931723
-0.8448522 -0.97732306
-1.0795777 -1.1629038
-1.5704494 -1.4428515
-1.4003575 -1.1936944
-1.8374441 -2.03694
-1.786303 -1.7456036
-1.2280629 -1.1272938
-1.1158302 -1.2240515
-1.3932455 -1.577563
-1.4007211 -1.4953244
-1.6567359 -1.4082928
0.3149991 0.55904627
-1.4856436 -1.4261141
-1.6533539 -2.377881
-1.5882435 -1.295562
-1.51366 -1.4266999
-1.7840354 -2.5236888
4.0482907 2.783412
-0.1733532 0.52962303
-1.6818066 -1.2690289
-1.2087941 -0.7322624
-1.4096138 -1.5689397
-1.4918466 -1.8601584
-1.4878156 -1.2322166
-1.1782107 -0.94948244
-1.2089272 -1.0418572
2.9388084 3.1201892
-1.0656791 -1.233443
-1.4575622 -1.6255965
-0.9321854 -0.7732394
-0.6739993 -0.6571524
1.9750566 2.1000595
-1.4574289 -1.6997399
-1.2203407 -1.2877145
-1.6546657 -1.1861072
-1.7010126 -1.6868172
-1.0495026 -1.2817795
-0.30749798 -0.11555004
-1.4361479 -1.7565656
-1.4172189 -2.6770003
-0.80783653 -0.83700895
2.2754302 1.7856832
-1.6854877 -1.6572948
-1.460706 -0.70321035
-1.5841584 -3.4308991
-1.3066788 -1.5586874
-1.7719975 -1.5653412
-1.6410244 -1.7908854
-1.3885686 -1.2381201
-1.2346745 -0.9304931
-1.5446188 -1.4979811
-0.798054 -0.509042
-1.6767917 -1.7979386
-1.5260487 -1.2257199
-1.1533918 -1.2815266
-0.91671014 -0.9829359
-1.1565394 -0.9213314
-1.3539538 -1.2962501
-1.8497717 -2.6207314
-1.7118366 -1.7699468
-1.6180928 -0.54532313
-1.3986104 -0.8506751
-1.2801251 -0.9910269
-1.382201 -0.91994095
-1.4072676 -1.7220945
-1.3198311 -1.2469995
-1.4331503 -1.0229106
-1.5419292 -1.895277
-1.5613804 -1.5030437
-0.3498907 -0.6438832
-1.6000919 -1.2244432
-1.1792674 -1.2824874
0.8629832 1.1708312
-1.5241051 -1.5878313
-1.0311701 -1.0493612
-1.4808166 -0.96803784
-1.7872214 -1.633925
-0.73927 -2.2956245
-1.315192 -1.1381292
-1.2419939 -1.6052237
-0.18637943 -0.0929265
-1.2887459 -1.4425261
-1.6477406 -1.4339812
-1.3877726 -1.2315247
-1.4118872 -1.6271496
-1.3217769 -1.4644423
-1.0621991 -1.2460568
0.16622162 0.40774584
-1.7379253 -1.7049191
-1.3871102 -0.9024668
-1.5468428 -1.7397115
-1.6696663 -1.0524168
-0.8166964 -0.89836717
-1.181361 -1.0232522
-1.5315919 -1.5581615
-0.47876453 0.010244846
-1.3833251 -0.7696495
-1.6382732 -1.9149308
-1.3552396 -1.3072617
-1.1815891 -1.4054635
-1.255548 -1.0297234
-1.6098917 -2.5100338
-1.1264243 -1.0966759
-1.435262 -1.4856644
-1.528307 -2.3588157
-1.3377626 -1.2812283
-1.0602658 -0.83540154
0.057014942 -0.25147486
-0.80867743 -0.49484873
-0.75427556 -0.37443066
-1.5996461 -1.7874453
-1.7072322 -1.6429987
-1.1177068 -0.8095553
-1.5931647 -1.6769912
-1.260319 -1.3887076
-1.0415485 -0.9498749
-0.832839 -0.8130412
-0.95682716 -0.92655635
-1.759551 -1.81025
2.088923 1.866682
2.2390919 1.9789586
-1.3482037 -1.6672032
-1.764853 -1.9974866
-1.6605175 -1.4440725
-1.6110063 -1.77333
-0.9518614 -0.5110333
-1.2610247 -1.2950325
-1.2587242 -1.2153215
-1.1351769 -1.1969876
-0.8029337 -1.4493222
-1.4081218 -1.3113098
-1.5886741 -2.4259887
-1.2063777 -1.379384
-1.3852794 -1.4432704
-1.7200432 -1.7901535
-0.9467733 -0.83615136
-1.1473343 -1.1582057
-1.242136 -1.2311435
-0.8191409 -0.2770462
-1.5238335 -0.94023395
-1.6894796 -1.7549279
-1.8017681 -1.9189007
-1.6046464 -1.580229
-1.3734772 -1.4482603
-1.8397505 -2.598082
-1.2825811 -1.4169202
-0.7979398 -0.17651176
2.3471823 1.8731389
-1.5713542 -1.2221897
-1.5604017 -3.6167486
-1.848001 -0.82954454
-1.1678782 -0.9139626
-1.313293 -1.5646579
-1.7214041 -1.17999
-1.2108653 -1.4628162
-1.6666963 -2.0523481
-1.6750212 -2.7752547
-1.1652677 -1.4309359
-1.3888795 -1.3665996
-1.3588665 -1.2075891
-1.7650309 -1.4389484
-0.6082442 0.36337566
-1.1538649 -1.2342105
-1.6925287 -1.6073785
-1.2732663 -1.54158
-1.2445543 -1.346492
-1.4099057 -0.10961962
-1.2016213 -0.540931
-1.7275405 -1.528238
-0.8929317 -1.0625002
-1.6526506 -1.907085
-1.4189098 -1.5797529
-0.87216973 -1.0287645
-1.5448711 -3.8376484
-0.49264216 -0.3906393
-1.6248407 -1.5460517
-1.3764441 -1.7286425
-1.425657 -1.5220788
-1.3278172 -1.3340228
-1.0135493 -0.9590783
-1.468353 -1.3784065
-1.5245025 -1.5330272
-1.072387 -1.166363
-1.2609618 -0.8926389
-1.5493009 -1.569355
-1.5708447 -1.5448418
-1.4832036 -0.7344899
-1.5855548 -1.557411
2.284494 1.7480793
-1.5588207 -1.3521674
-1.1225748 -1.2519162
-0.94855213 -1.0212569
-1.4481554 -1.0208793
-1.5328546 -1.7574909
-1.5827594 -2.2804897
-1.2789371 -1.2389894
-1.502466 -1.7413993
-1.2410343 -1.5472524
-1.5514255 -1.5273168
0.99584246 1.1572561
-1.4958663 -1.6783712
-1.5268881 -1.3674626
0.13008833 0.21962976
-1.4063704 -0.9185002
-0.9844258 -1.3338759
-1.5580115 -1.7290349
-0.37790298 0.36223507
-1.24437 -1.341378
-0.8825369 -0.85788846
-1.5425978 -2.419504
-1.0080884 -1.1826954
-0.7062509 -0.04785204
-1.5783606 -1.6558218
-0.9829881 -0.40519667
-0.58134675 0.68071604
-0.9591193 -0.80308604
-0.8183079 -1.394515
-1.4168732 -1.531604
-1.7179554 -1.5180714
-1.6766908 -1.6013162
-1.5977757 -2.4836583
-0.38842154 -0.49059916
-1.4235616 -1.6279707
-1.7368493 -1.4474254
-1.0622239 -0.9094577
-0.9439161 -1.0291915
-1.4148586 -1.0162966
-1.6036773 -1.8473668
-0.95788765 -0.9497795
-1.0947928 -1.9132199
-1.7035575 -2.3929832
-1.5362737 -1.0890663
-1.4440513 -2.1017005
3.2424521 5.1995625
-1.0828981 -0.39786434
-0.8894558 -0.6254213
-1.5968511 -1.6555674
-1.499608 -0.207304
-1.6839821 -1.957438
-1.5686369 -1.4944575
-1.3966498 -1.4021199
-1.3919544 -2.165996
-0.82403445 -0.42624903
-1.456845 -1.2339182
-1.471726 -1.288363
-1.5228071 -1.8340566
-1.6241572 -1.2358925
-1.2567294 -0.26347017
-1.0235384 -1.2291327
-1.4292662 0.68348837
-1.4145753 -1.6888552
-1.7203531 -1.551481
-1.7133534 -1.8305433
-1.2448876 -1.2942624
-1.799339 -1.6645036
-1.539823 -1.6995106
-1.290643 -0.91945195
-1.215565 -1.4721413
-1.4720616 -1.2735798
-1.3233981 -1.3798211
-1.5308485 -1.4465675
-1.7515821 -1.6910872
-0.8839252 -1.0520949
-1.6367459 -1.323211
-1.4392226 -1.3718705
-1.136112 -1.2474759
-0.6211488 -0.22814608
-1.418263 -1.7758546
-0.6299665 -0.6055517
-1.4187284 0.04066086
-0.9265976 -0.8215225
-1.7260547 -1.7320404
-1.7049372 -1.9210782
-0.34318876 -0.25085115
-1.3373246 -1.4200118
-1.0838368 -1.5531476
-1.091444 -1.1746337
-1.312438 -1.804122
-1.0058312 -1.0928771
-1.1571169 -1.4765351
-1.6032882 -1.6689177
-1.4311082 -1.6135535
-1.1970005 -0.4211936
-1.5202887 -1.7041595
-1.2176573 -1.4713855
-1.6362698 -1.7307873
-1.6611032 -1.9687548
-0.66254187 0.4189043
-1.5938601 -1.2539179
-1.745652 -1.5752239
-1.2898104 -1.3950024
-1.4234636 -0.9828265
-1.4236512 -1.5860415
-0.95007396 -0.84166336
-0.94713473 -0.46234655
-1.6606169 -1.7983165
-1.6586471 -1.6585128
-1.3172975 -3.314171
-1.635675 -0.97403
0.64344454 1.5415015
-1.5942452 -1.5136547
-1.4479051 -1.0450029
-1.428201 -1.5700698
0.42491484 1.9878788
-1.7573888 -1.876818
-1.1702409 -0.67526627
-1.4874513 -1.1044335
-0.7211883 -0.7388258
-0.90644026 -1.136986
-1.1944654 -1.3736138
-1.6808805 -1.3668997
-1.2543151 -0.24936342
-0.8084545 -0.55649257
-1.5425005 -1.2857366
-1.3347526 -1.312242
-1.4369922 -1.39063
-1.1398947 -1.3809555
-1.6320534 -1.123219
-1.417644 -2.1509016
-1.4691026 -1.2433417
-1.3244789 -1.0941851
-1.7111063 -1.8873107
-1.6789901 -2.21665
-1.3863125 -1.2008293
-1.3195357 -0.9587815
-1.0045347 -0.9991164
1.1195679 0.41568327
-1.7153363 -1.8674352
-1.479464 -1.6229727
-1.7147121 -1.9046524
-1.3420472 -0.9037647
-0.6461632 -0.42084837
-0.96316075 -0.15291214
-1.6241701 -1.6925061
-1.5909774 -1.6220663
-1.4325352 -1.2955687
-1.4543273 -1.3914354
-1.6785805 -0.957237
-0.86576533 -1.0984147
-0.77372885 -0.5512028
-1.2412682 -1.4834354
-1.1666582 -0.9272306
-1.5950544 -1.6552913
-1.2588089 -1.444135
-1.3229885 -1.2289183
2.2789483 1.747747
-1.3910105 -0.9642608
-0.5082729 0.3734231
-1.5696285 -1.6770403
-1.3894305 -1.5858953
-1.6545691 -1.9328766
-1.3598211 -1.1487193
-1.3964193 -1.3150916
-1.6879878 -1.5531147
-0.9136653 -1.0858116
-0.9806292 -0.59965754
-1.3060093 -1.3299942
-1.7727034 -2.0201368
-1.7057366 -1.1005354
-1.5872021 -1.4274454
1.2954974 0.46536064
-1.5092144 -1.4946911
-1.4516528 -1.3767228
1.0688882 1.5132556
-1.5865834 -1.687887
-1.0509019 -1.6512687
-1.751692 -1.162416
-0.9587884 -0.7362766
-0.44015408 -0.34989548
-1.4680998 -1.4566562
-1.5806713 -1.6916382
-1.376205 -1.3187146
-1.3895888 -1.7666826
-1.1317885 -1.9259481
2.2939506 1.8121352
1.737206 2.8580327
-0.8803067 0.45983124
-1.4238796 -1.616771
-1.5652866 -1.4995172
-1.7674634 -1.2752619
-0.37001657 -0.06685734
-1.3165066 -1.9210165
-1.5301905 -1.4477003
-1.4011748 -1.6281166
-1.7214599 -1.8079937
-1.1294112 -1.156184
-0.18441153 1.2898078
-1.4815011 -1.6666071
-1.4702058 -1.1969898
-1.0336945 -0.8342049
-1.4068611 -1.0716467
-1.5774639 -1.7472656
-1.873002 -2.876124
-1.3521397 -1.3188748
-1.1943438 -3.132925
-1.4215829 -2.088035
-1.2680831 -1.0265191
-1.5344715 -1.8549426
-1.3618257 -0.9924915
0.8214545 1.3299184
-1.3197358 -1.3067601
-1.5256603 -1.5062115
-1.456789 -1.3270147
-1.3043919 -1.551322
-1.5338745 -1.4461775
-1.3192723 -1.6402903
-0.57527924 -0.52797174
-0.9285879 -0.64974666
0.09302521 -0.0003232956
-1.5658128 -1.5320861
-1.2252989 -1.3896031
-1.6369085 -2.5790076
-1.6909273 -1.843859
-1.6312444 -1.8939672
-1.5954542 -1.7492986
-0.07601404 -0.2901826
-1.6596968 -1.7982836
-0.59086347 -0.91212034
-0.8223269 -0.6902056
-1.0154445 -1.0993378
-1.1516325 -1.1347873
-1.3281231 -1.3340244
-1.5898087 -1.9539557
-1.0433459 -1.129241
-1.091891 -1.3824115
-1.039525 -1.1939125
-1.7010052 -1.8780391
-1.6621251 -1.94031
-1.1777558 -1.0803416
-1.216044 -1.4153254
-1.3249848 -1.3325086
-1.6589582 -1.2912867
-1.4385312 -1.4299047
-1.0772755 -1.4637709
-1.6109581 -1.6872225
-0.8093779 0.29204512
-1.1176472 -1.4791424
-1.2140703 -1.7168198
-1.3669527 -1.1680098
-1.5439558 -1.78565
-1.553576 -1.4047935
-1.5131142 -1.8367233
