0.3755708 0.3959467
0.40415546 0.6719816
0.36336112 0.42524156
0.39499518 0.34243387
0.36735243 0.55957735
0.38357085 0.41446277
0.38736713 0.3870099
0.37231126 0.36723047
0.36537784 0.47376508
0.36748478 0.40322363
0.37654278 0.47321835
0.40884668 0.42742622
0.38792035 0.2736577
0.37402663 0.42093188
0.37796924 0.05052417
0.3800782 0.49122268
0.3903109 0.2836935
0.36578706 0.4665106
0.389124 0.4454751
0.36067995 0.16562948
0.39234605 0.36791605
0.39825964 0.41630673
0.37501243 0.36139488
0.3849674 0.4055952
0.37126407 0.4870056
0.36485463 0.3934288
0.37388358 0.3589238
0.3844445 0.39744988
0.38932082 0.39768252
0.38913316 0.41354927
0.40710792 0.22540107
0.37800848 0.8362644
0.40220013 0.3610905
0.4075231 0.5234755
0.40313765 0.42347118
0.37995932 0.36435327
0.3615764 0.25933772
0.37784603 0.23045222
0.3649953 0.4934931
0.36872283 0.48539275
0.38997066 0.38900933
0.39056724 0.4318865
0.3752944 0.53358597
0.37099177 0.39964998
0.38622886 0.28927776
0.40414304 0.44729033
0.39092574 0.41002786
0.37825292 0.40517417
0.377575 0.48450154
0.36322072 0.1761841
0.37695983 0.41855538
0.39423674 0.38049552
0.388409 0.42711055
0.37886402 0.7780059
0.39128426 0.4273958
0.3851888 0.39441964
0.39796424 0.2563047
0.40289932 0.4400359
0.36807445 0.4731866
0.38910812 0.5699847
0.38870248 0.24571796
0.4236538 0.39766845
0.3855246 0.39945436
0.37673888 0.45017964
0.3782253 0.6957879
0.40211642 0.40335134
0.37685615 0.39014032
0.40235382 0.26539606
0.37287667 0.4141363
0.4016406 0.3887619
0.3832218 0.4202468
0.38107735 0.4726988
0.39007682 0.740945
0.3763025 0.39900365
0.37376252 0.104916476
0.38483503 0.46411073
0.39037335 0.44127384
0.36298668 0.31173208
0.38246915 0.40457487
0.3982596 0.39491433
0.3883665 0.42521045
0.3694086 0.56631774
0.38107732 0.6313917
0.3763384 0.25185263
0.38503358 0.37285542
0.39435026 0.44638178
0.39057776 0.50127697
0.37858042 0.40560293
0.3754559 0.44679564
0.3979563 0.37075284
0.40207887 0.4440164
0.3711123 0.35053533
0.4015244 0.4518285
0.3771121 0.39158955
0.37636188 0.45580345
0.38839373 0.45620176
0.3982596 0.38567454
0.37739733 0.40577003
0.39839777 0.2530927
0.3869954 0.38638875
0.36088452 0.147581
0.37628216 0.0700772
0.39092574 0.39313698
0.3833427 0.35954037
0.36976767 0.42316207
0.37237242 0.15843186
0.37195545 0.4764266
0.3873997 0.4222273
0.37568048 0.3860094
0.39049554 0.40892923
0.39164275 0.3362714
0.37605783 0.41661116
0.409731 0.36937103
0.38981965 0.3808929
0.38948524 0.4075264
0.36469167 0.39551157
0.3689247 0.86430115
0.38815054 0.124446854
0.39936918 0.3827247
0.37606063 0.42639974
0.39627314 0.41194063
0.3793063 0.3919402
0.38859412 0.22599006
0.37267408 0.90032136
0.38881135 0.45215964
0.38669565 0.14379162
0.38322183 0.43188214
0.38582012 0.4292057
0.36671856 0.40532476
0.39340428 0.35789096
0.3755002 0.3621128
0.3912848 0.3821017
0.38881993 0.44746232
0.37309352 0.36806706
0.36846825 0.45430568
0.37195542 0.24634333
0.3661012 0.4041658
0.3775684 0.34879747
0.3751862 0.42071173
0.37116036 0.4037971
0.39770177 0.44333047
0.37174764 0.40836447
0.37481532 0.39917648
0.38596895 0.18656427
0.38462543 0.41421756
0.36147672 0.32094812
0.38924167 0.38229713
0.37684068 0.33224273
0.38949165 0.39941195
0.37408474 0.4733952
0.37714413 0.42876914
0.39189294 0.4897006
0.40395442 0.43046153
0.3840072 0.43468487
0.37339982 0.38097703
0.36675468 0.46830183
0.3908666 0.5082858
0.3916333 0.40130103
0.36800846 0.4640563
0.39057776 0.3139919
0.3744099 0.42994034
0.39825964 0.11255197
0.3741009 0.28138024
0.38749942 0.44843504
0.37306744 0.60069156
0.36779508 0.46368486
0.37833014 0.3710335
0.39055246 0.4334576
0.38734058 0.42158848
0.38557795 0.4046252
0.3904669 0.44059423
0.39110968 0.39786988
0.36684272 0.46775612
0.39007232 0.3618012
0.38811544 0.39303437
0.3962302 0.38074362
0.38137117 0.4263419
0.37680343 0.29870316
0.39757255 0.37060162
0.3690457 0.4091969
0.3821473 0.39653283
0.37339976 0.38701615
0.390881 0.45517102
0.39415243 0.3992782
0.3837454 0.38438493
0.39768058 0.39073366
0.39017013 0.37018925
0.37758538 0.40688187
0.39567256 0.3825475
0.39024177 0.41494915
0.40337032 0.40515193
0.36265483 0.19004281
0.37923077 0.40065947
0.38341585 0.057354633
0.37476733 0.0845144
0.37485114 0.40969253
0.39392382 0.42138383
0.38237822 0.44813305
0.3827094 0.30026263
0.40784732 0.30359298
0.38205507 0.22274974
0.36481947 0.49044907
0.38571134 0.43096837
0.36269903 0.3528137
0.3888395 0.43085626
0.3866168 0.2844825
0.3970081 0.4468135
0.38985068 0.58155715
0.37874183 0.5468415
0.36995772 0.39566073
0.39676717 0.29743293
0.39831427 0.4543512
0.40325457 0.3955711
0.39775422 0.39110652
0.39065063 0.25778946
0.3972929 0.37296975
0.37861684 0.38786462
0.3621475 0.4225788
0.39856848 0.32027686
0.37766615 0.4003224
0.3909223 0.22599593
0.37712973 0.42387933
0.3726257 0.52031904
0.3723432 0.3896448
0.3766907 0.39280522
0.37219036 0.3990716
0.38237986 0.17364949
0.37678632 0.41808063
0.36541733 0.5592804
0.3767863 0.4510212
0.39708063 0.32259622
0.39792833 0.44676808
0.37784603 0.4721881
0.36829242 0.44957045
0.37776396 0.40604377
0.37549618 0.34724116
0.3864896 0.44165716
0.4716114 0.64737755
0.37045175 0.44948775
0.38374534 0.41048628
0.38397893 0.29150862
0.3881155 0.40324336
0.39855886 0.501336
0.37291327 0.39580154
0.37651023 0.4048589
0.37210968 0.4241926
0.3743069 0.42757466
0.39829585 0.38514623
0.3786749 0.31756574
0.38602254 0.1616467
0.38880536 0.3513146
0.3595123 0.49124423
0.3780104 0.43169636
0.39567426 0.42697713
0.38845494 0.48427048
0.37420604 0.372181
0.37643304 0.47109365
0.37930706 0.4519307
0.40581697 0.69819593
0.36807442 0.46125922
0.37654546 0.37830678
0.39746734 0.4052606
0.3972837 0.27001825
0.40783575 0.23326938
0.40323997 0.45426673
0.40235388 0.55899715
0.37935296 0.36975676
0.3580827 0.42121464
0.39235982 0.45649973
0.37985992 0.41586748
0.36541763 0.35040802
0.41220763 0.21960905
0.39057776 0.454584
0.37586287 0.35428935
0.4176812 0.32450578
0.36735246 0.5314639
0.38381281 0.3750133
0.39146352 0.46448466
0.36030376 0.4459015
0.36780253 0.40422884
0.38835028 0.6256466
0.374197 0.47102594
0.39307687 0.42973757
0.394631 0.45837206
0.378628 0.4293928
0.39022183 0.19660284
0.37187707 0.32462192
0.39046365 0.44391727
0.377542 0.37529215
0.39746732 0.42024675
0.38977847 0.2758371
0.378628 0.41959977
0.39898595 0.68448657
0.3840072 0.41953492
0.39643642 0.4060908
0.36987543 0.40311554
0.37654445 0.39671627
0.39648756 0.41151902
0.38370118 0.4618339
0.4013559 0.41268417
0.37852356 0.39784437
0.3755978 0.42217562
0.37527338 0.33164248
0.36189887 0.32219988
0.37460926 0.32884067
0.36685005 0.45059425
0.37584355 0.3957804
0.37509575 0.48054165
0.40155014 0.42788887
0.3944506 0.44648167
0.38426894 0.36110482
0.3588994 0.14531049
0.38060462 0.41574293
0.36612386 0.47775638
0.3922164 0.34234184
0.3958648 0.4475739
0.3756575 0.3173532
0.38664502 0.33975634
0.3832218 0.424345
0.368377 0.246993
0.37678632 0.407709
0.37950572 0.40902314
0.37631792 0.39560422
0.363412 0.48341784
0.38937125 0.42330548
0.37565747 0.4204815
0.38637367 0.41004944
0.36569908 0.33527365
0.4032807 0.35233572
0.37010592 0.5460702
0.37499467 0.43700448
0.3934354 0.4238141
0.3738836 0.39190736
0.36600074 0.40002376
0.4086666 0.45086616
0.3783301 0.34799358
0.37185112 0.26109505
0.3789348 0.37745646
0.37935296 0.92592776
0.3970153 0.3580163
0.35765544 0.35794768
0.37147787 0.41836214
0.38859075 0.40412524
0.3766425 0.4008274
0.39087507 0.38811263
0.37339988 0.38948187
0.3800159 0.47339043
0.38036367 0.28317317
0.38559014 0.40097997
0.3646917 0.3887793
0.39605537 0.26871216
0.3738183 0.47379547
0.38664502 0.40062398
0.3751652 0.41649455
0.39258167 0.40353945
0.3772751 0.40184087
0.39169937 0.42639658
0.3968176 0.4186355
0.3767863 0.38855535
0.403612 0.36575225
0.40176833 0.4229619
0.38643807 0.43861532
0.37715933 0.3842275
0.38036373 0.4291034
0.4027317 0.377488
0.37842438 0.44925326
0.35795772 0.47036278
0.370489 0.38478193
0.37132984 0.3266604
0.35753754 0.3892944
0.39265314 0.4606657
0.3756575 0.6635886
0.3850032 0.28511903
0.40153202 0.27956337
0.3737223 0.67480725
0.3785323 0.41056687
0.3859759 0.40427792
0.3776418 0.56847477
0.3875327 0.7189192
0.36522993 0.46958366
0.37185115 0.18432172
0.4062512 0.2440286
0.38408872 0.44643545
0.39164582 0.33426172
0.37678623 0.41932908
0.38999403 0.14760154
0.3631656 0.16915162
0.37066787 0.45414305
0.38275623 0.40655637
0.36359152 0.35575965
0.3976806 0.43691054
0.37678626 0.3924858
0.36702695 0.35593235
0.39629334 0.4112628
0.3976502 0.39371812
0.39733684 0.27559146
0.3802995 0.47668856
0.3736903 0.4439091
0.3866162 0.3213955
0.3773983 0.34484786
0.43478242 0.33898643
0.37084255 0.39764333
0.39020383 0.44902518
0.36832002 0.5375264
0.37194845 0.53344953
0.38571134 0.52429944
0.37550023 0.45990002
0.3784974 0.43059513
0.37515834 0.37901968
0.37222573 0.35551867
0.3570483 0.43309984
0.37227097 0.68334895
0.38928953 0.42846975
0.3900829 0.29936618
0.37610874 0.47371128
0.3891404 0.39438823
0.3991482 0.27786013
0.37581876 0.42834464
0.37481806 0.51691556
0.40753323 0.3594106
0.36296403 0.42414504
0.3681825 0.46791682
0.36068627 0.15546677
0.39878994 0.42727253
0.37114212 0.36426088
0.37666646 0.087821476
0.3808376 0.31124598
0.38881993 0.40466636
0.37049708 0.39024514
0.3980877 0.36863092
0.392032 0.38778353
0.3976806 0.43105483
0.38166222 0.42111957
0.37242392 0.4468363
0.37704626 0.27613148
0.3783751 0.45256522
0.36080196 0.29951093
0.38723806 0.40328223
0.3834695 0.30239135
0.37872228 0.3721372
0.36710665 0.15584038
0.38761547 0.3888493
0.37642345 0.5268293
0.3731579 0.42322522
0.37637416 0.2534479
0.3827325 0.40324676
0.3619458 0.12942098
0.39963454 0.34418383
0.3891332 0.44711617
0.39164278 0.42541918
0.3683172 0.45617208
0.3807205 0.4163516
0.39756903 0.41043013
0.37118155 0.4195885
0.38064912 0.39019215
0.3970343 0.43387133
0.37222233 0.18584554
0.3712227 0.5178926
0.3996022 0.33702663
0.38615796 0.45052856
0.35702184 0.42274767
0.36549416 0.65673715
0.3736855 0.36937314
0.37359038 0.32348594
0.3969389 0.34968463
0.36941072 0.0926169
0.40166196 0.44542867
0.35702524 0.42100966
0.37886402 0.28319168
0.37581876 0.39690837
0.37626043 0.32847616
0.37618157 0.6460907
0.37452865 0.3671818
0.37172076 0.43472865
0.36396602 0.41273576
0.38439983 0.43367678
0.37773433 0.3603857
0.37198994 0.3732323
0.40325454 0.3864101
0.40342548 0.41252086
0.3990589 0.4406777
0.40704408 0.40798405
0.38904312 0.4427586
0.37861958 0.6653801
0.39663988 0.4800708
0.3688616 0.47964442
0.38385007 0.43311477
0.4028794 0.44782135
0.3761258 0.207042
0.3697959 0.36629808
0.39660823 0.4563861
0.37094685 0.43352082
0.366977 0.21776198
0.37760112 0.38952646
0.37322918 0.472945
0.37194315 0.15654762
0.38873002 0.36794728
0.384835 0.27769652
0.3976806 0.6983395
0.38928953 0.4709487
0.37362352 0.40809134
0.39201188 0.47507226
0.39893293 0.41793332
0.38782245 0.42303225
0.3971246 0.42690393
0.36973402 0.47319552
0.3931434 0.34119642
0.38082907 0.40307203
0.44201967 0.6247557
0.40414616 0.35116154
0.39244035 0.3518517
0.4747643 0.58028793
0.3776418 0.42649662
0.38785273 0.37800297
0.38731018 0.37002173
0.39365354 0.33129647
0.3582635 0.38143858
0.3753356 0.4660382
0.4314557 0.532388
0.385402 0.4399666
0.38293287 0.36487374
0.37584338 0.3646877
0.3763025 0.4349741
0.40522936 0.26052243
0.38402316 0.33564124
0.3688039 0.41773593
0.36198097 0.1340666
0.3704971 0.44780022
0.38959032 0.3663099
0.39154035 0.26374933
0.35896647 0.14681597
0.3747544 0.6807494
0.3766245 0.4506653
0.37642342 0.6340164
0.39163333 0.36994165
0.3814009 0.49714348
0.37549618 0.38692957
0.38498074 0.3546366
0.3803645 0.4417854
0.3879046 0.28567845
0.39091444 0.42572317
0.38571134 0.39711085
0.39286372 0.47019884
0.3695295 0.505909
0.3964739 0.38827536
0.37497213 0.3777051
0.39260924 0.43023396
0.3576092 0.43521446
0.36467442 0.15040915
0.3728989 0.36812964
0.38667867 0.4403005
0.3920013 0.404516
0.40001005 0.32470876
0.3812868 0.15720552
0.3784974 0.8541716
0.37517366 0.36465323
0.36483935 0.15365574
0.3765428 0.48896325
0.39059797 0.26844797
0.37545583 0.43253124
0.3916333 0.4115463
0.3902087 0.37264106
0.38852355 0.45016494
0.38931242 0.39749342
0.39643648 0.29999223
0.38322183 0.3484392
0.37485114 0.38539323
0.3852445 0.5496691
0.40217677 0.3118614
0.39730278 0.22352211
0.37840644 0.3964951
0.38400716 0.4130245
0.3822891 0.42133546
0.3836145 0.77570343
0.3780322 0.31778187
0.39156693 0.29660904
0.37937462 0.40246156
0.37322894 0.17525044
0.3782529 0.39450273
0.36939484 0.48681217
0.37593967 0.36545503
0.39796427 0.25474888
0.36757112 0.3881025
0.3920013 0.43123528
0.37612578 0.4879989
0.37560716 0.4844926
0.38029942 0.5449801
0.35846066 0.132783
0.36904576 0.98137224
0.40272507 0.405337
0.37678638 0.46298575
0.37576085 0.21697973
0.38805762 0.3585905
0.386158 0.39998868
0.38011047 0.37277317
0.3668687 0.40441522
0.39232326 0.38818702
0.37776396 0.6600887
0.3814333 0.37718883
0.38011047 0.30947754
0.3769598 0.4105193
0.39796427 0.36983284
0.3834462 0.34774172
0.37341505 0.49046412
0.39513358 0.6815533
0.39222017 0.3810952
0.3825095 0.40838033
0.36285958 0.46151644
0.40398902 0.4386526
0.37747595 0.40787542
0.42310855 0.6563799
0.36832 0.38596028
0.37577605 0.2610542
0.36904773 0.45563528
0.37252435 0.40093437
0.37063128 0.4356696
0.35714585 0.4088891
0.36771706 0.3216779
0.37692496 0.39219603
0.3727548 0.37495542
0.4023356 0.3877128
0.37049708 0.39586323
0.37185115 0.43372393
0.38969857 0.3738303
0.37710294 0.44363943
0.3822271 0.20593771
0.36464348 0.4746352
0.39415237 0.42261294
0.3718274 0.41822582
0.36952946 0.45015955
0.39393726 0.41396183
0.3882047 0.35963178
0.3736417 0.4226828
0.37182745 0.34140012
0.37646374 0.4244549
0.4036322 0.39901188
0.38447776 0.32031995
0.37566516 0.40506625
0.3763377 0.44207525
0.37311298 0.06415802
0.40345034 0.35902837
0.3982596 0.47570553
0.40384856 0.35700727
0.3841058 0.017988859
0.3966765 0.42769444
0.40631223 0.3633044
0.37906778 0.3840107
0.38184312 0.18805741
0.39453104 0.3845851
0.37743086 0.39485222
0.37427065 0.37632385
0.36499003 0.07709463
0.41144618 0.23264773
0.3672315 0.4173505
0.3991281 0.41292298
0.3730772 0.36254275
0.3779596 0.38239273
0.40011868 0.42400098
0.38441214 0.35713404
0.37400988 0.47944057
0.38611123 0.16718474
0.38426813 0.10385225
0.37773627 0.38747644
0.37706408 0.46401817
0.3719361 0.4073233
0.37289152 0.41758028
0.39341527 0.41373953
0.4140149 0.27490926
0.35746592 0.43115297
0.3658298 0.21206114
0.37678152 0.24983446
0.38370118 0.40367988
0.37686756 0.42046615
0.398976 0.4215419
0.39529318 0.44726232
0.3642916 0.46189266
0.37528318 0.4262921
0.3690456 0.36840612
0.38552788 0.2997213
0.38748652 0.41074744
0.38474274 0.40658244
0.39483714 0.39478758
0.3982596 0.4077908
0.3964739 0.40672377
0.41733855 0.2746646
0.3781468 0.41692376
0.35761434 0.38259232
0.40521297 0.32913432
0.37792698 0.41308573
0.37017444 0.48577204
0.367389 0.45805183
0.40389654 0.44810152
0.3805932 0.26177025
0.37250543 0.24005224
0.37618157 0.32914466
0.40820232 0.39450833
0.36732286 0.3444333
0.3897299 0.4029833
0.36513966 0.47523072
0.37690842 0.40946192
0.38093457 0.34441453
0.38016582 0.3891695
0.3748807 0.5964166
0.386645 0.4311409
0.37562743 0.02779074
0.37886402 0.43500465
0.38637367 0.3367892
0.39445058 0.4528417
0.38487598 0.37948552
0.3616358 0.14116393
0.39220056 0.21116823
0.4578856 0.54924667
0.37775925 0.3752016
0.40856025 0.38558295
0.38554564 0.33413178
0.3964739 0.4377313
0.39145303 0.3882006
0.35889626 0.4032168
0.36800835 0.4754742
0.39007232 0.20605047
0.39022216 0.34360707
0.38550225 0.23873624
0.37466064 0.42393345
0.40096816 0.38136002
0.36880392 0.4080339
0.40672234 0.3547649
0.3950635 0.46264032
0.36831996 0.41051346
0.37384152 0.44215044
0.38864604 0.4022019
0.38557687 0.40297523
0.37788627 0.37933156
0.3805397 0.40882933
0.36630228 0.1780707
0.37241238 0.32927603
0.38179103 0.56763947
0.38571134 0.37629116
0.38669994 0.38707918
0.37880173 0.40226728
0.37837514 0.37238798
0.3872688 0.20839196
0.37852553 0.35669726
0.37678626 0.3806045
0.3765444 0.4220426
0.3676422 0.46726435
0.3643209 0.23615898
0.41202155 0.39835072
0.40896437 0.35903895
0.38638458 0.434485
0.3927459 0.424731
0.37886408 0.37267762
0.4028936 0.369927
0.36252978 0.4030142
0.38000682 0.73532397
0.37760106 0.4063705
0.3761258 0.20533465
0.38374722 0.360201
0.3827426 0.36111635
0.39839163 0.27429724
0.36578462 0.354515
0.38531432 0.39741218
0.37611106 0.36956313
0.38122007 0.40310365
0.3869532 0.44305804
0.37167743 0.40560544
0.38313422 0.42497066
0.37746543 0.3333896
0.3810372 0.40945795
0.39705208 0.3056331
0.3794317 0.38468263
0.39145336 0.37012076
0.3742061 0.3637442
0.40284684 0.39093545
0.37098083 0.36837137
0.40342864 0.39540505
0.36599725 0.45432392
0.40109843 0.36687997
0.3805829 0.46862796
0.375214 0.40662447
0.37706554 0.4231952
0.37483627 0.15871562
0.37279508 0.43052158
0.37017453 0.40952155
0.39509153 0.39218262
0.36107454 0.1781868
0.39346203 0.42736328
0.38798502 0.47542167
0.37743807 0.39530566
0.3762822 0.4889149
0.39972946 0.4022823
0.37727514 0.4388327
0.39793995 0.33724043
0.40735346 0.19936435
0.377764 0.26022238
0.3701059 0.08416342
0.3882961 0.3461052
0.38384816 0.017983189
0.38838345 0.5776648
0.38761225 0.33728024
0.39217097 0.25404775
0.389362 0.43554753
0.3594518 0.28024328
0.39271483 0.4321055
0.38748392 0.4152349
0.3949121 0.43388197
0.37098083 0.43117076
0.39057776 0.40031844
0.37315783 0.4165548
0.39237395 0.45508614
0.38251343 0.4201282
0.39038795 0.39050415
0.3957964 0.40419495
0.37194848 0.39060438
0.37947187 0.42241964
0.3608735 0.1902387
0.40414616 0.49024758
0.36668435 0.15763834
0.37819663 0.4554746
0.39489824 0.4553084
0.3775979 0.3668255
0.4013559 0.47136566
0.36980334 0.48045582
0.39857677 0.40755048
0.4028794 0.40662917
0.3935071 0.30138102
0.4028218 0.38757506
0.37557682 0.6055154
0.37325376 0.39810684
0.39746732 0.38965175
0.38162234 0.40629464
0.37972558 0.40132812
0.35847583 0.43883255
0.37654278 0.28404725
0.36969075 0.53555006
0.38390777 0.37096906
0.3902612 0.27915433
0.38650772 0.3909377
0.3976806 0.43314734
0.3815144 0.35529992
0.36682516 0.18073556
0.3857855 0.33405972
0.37811956 0.4060163
0.3713298 0.46084598
0.36378744 0.3588505
0.37788627 0.81155634
0.3916155 0.2593157
0.39910835 0.3862279
0.36794516 0.4737078
0.3849072 0.2597612
0.39105117 0.42797586
0.37202075 0.4196382
0.3730385 0.3836792
0.3883503 0.18943259
0.39629355 0.41654283
0.37776396 0.42833316
0.3720694 0.44801873
0.36989948 0.41942897
0.38402155 0.3761463
0.37821347 0.3213415
0.37462464 0.3386617
0.379353 0.42918307
0.3920013 0.63015425
0.38571134 0.39938158
0.39574757 0.38561553
0.39487645 0.11346802
0.3887746 0.5108882
0.36598632 0.21010649
0.39104456 0.4034235
0.38322183 0.43992662
0.39199516 0.3707211
0.3917038 0.41378075
0.3879528 0.41636935
0.38143417 0.6137525
0.38598588 0.39457873
0.37654278 0.45461407
0.37303716 0.4406776
0.38748398 0.42556545
0.3650303 0.36805266
0.38036367 0.3614084
0.3974419 0.41437015
0.36150238 0.1537106
0.36605096 0.24292283
0.37714466 0.42060804
0.39899138 0.40663624
0.3920013 0.42454523
0.37894878 0.39087498
0.36706102 0.4509232
0.37535128 0.37792248
0.38602254 0.43989095
0.36594906 0.4774896
0.37973252 0.3048542
0.3591309 0.1471126
0.37855598 0.44894716
0.38972676 0.32665476
0.4869465 0.5272955
0.3963573 0.1816236
0.37890515 0.3834938
0.3898502 0.6670045
0.39012864 0.37086836
0.36438116 0.17886448
0.4129951 0.3200099
0.40672046 0.4016928
0.39145985 0.32144633
0.38534746 0.262521
0.38635156 0.28514513
0.38161585 0.41394016
0.3816331 0.30821645
0.36958727 0.38769165
0.37364176 0.39378187
0.40176803 0.39040825
0.38905472 0.43262595
0.3673881 0.39388287
0.37630668 0.404718
0.3849298 0.28821346
0.38968092 0.32393888
0.38091487 0.35943326
0.36807445 0.49656284
0.36862504 0.3602383
0.36336944 0.42760196
0.38322183 0.35695723
0.38506535 0.40505624
0.39298168 0.27623704
0.39445987 0.4027242
0.3753493 0.39302668
0.38426897 0.43906426
0.40249673 0.43987867
0.3775196 0.42965218
0.37243673 0.08324473
0.37907058 0.31318823
0.3721639 0.4356234
0.3916829 0.3496865
0.37527966 0.37671056
0.3702356 0.46761248
0.3803637 0.42052794
0.36931813 0.33688402
0.37122273 0.45043907
0.37995926 0.37097663
0.35962746 0.20994827
0.36593577 0.49241307
0.37259278 0.38070777
0.40804252 0.42612997
0.36147678 0.49006504
0.39491206 0.4318719
0.36348733 0.41120163
0.39849722 0.4326009
0.39022884 0.42553568
0.38728434 0.33662027
0.39897597 0.25843826
0.37243214 0.45690435
0.39657465 0.41134217
0.35707253 0.4149581
0.37341928 0.36763373
0.39662084 0.42338052
0.360931 0.43865022
0.36958724 0.41623807
0.3740406 0.096964404
0.37582242 0.35734135
0.38721073 0.29938075
0.36008176 0.41359538
0.38178536 0.38293627
0.38563946 0.44231805
0.37781712 0.25565326
0.38864917 0.40785256
0.37861958 0.42737412
0.3732789 0.3846413
0.3603507 0.18936591
0.39185932 0.3315225
0.39479107 0.35618836
0.3623211 0.14623721
0.37864402 0.34861818
0.3743674 0.37890756
0.40178826 0.37629512
0.38214782 0.6077853
0.38585123 0.3436481
0.38730112 0.39078838
0.4040108 0.28251585
0.38430128 0.4172683
0.38811547 0.39031315
0.3882139 0.39771345
0.37025514 0.36646828
0.384267 0.42609024
0.37805736 0.38389203
0.4252427 0.28086036
0.38344568 0.3984317
0.3704517 0.019780096
0.38029948 0.65619546
0.36916664 0.38230804
0.38965407 0.42798495
0.385402 0.43234372
0.39145333 0.4819111
0.3712521 0.3600139
0.38587323 0.46219966
0.3903434 0.36167327
0.37216058 0.42455867
0.38400713 0.42504486
0.38540202 0.16266635
0.36693066 0.47092143
0.37289372 0.43487927
0.3881155 0.42870983
0.36558846 0.46917006
0.36042103 0.12702666
0.38494843 0.6388574
0.37352076 0.3928516
0.38987657 0.37299988
0.3738211 0.4351503
0.38079625 0.32928523
0.3691089 0.3549973
0.36429158 0.30374372
0.37678626 0.3565481
0.38063923 0.36439064
0.4018121 0.35611817
0.388409 0.45151988
0.3976806 0.42119226
0.37692997 0.40488666
0.41253212 0.39073184
0.37756842 0.35330763
0.3681465 0.33113077
0.388409 0.40072948
0.3780085 0.3625403
0.36883083 0.46304435
0.39274618 0.433485
0.37813064 0.4053077
0.3990836 0.39942682
0.4002194 0.43043333
0.36488518 0.37846953
0.369267 0.096813805
0.39831424 0.40683216
0.39817426 0.41712058
0.3765444 0.4394915
0.37864402 0.2890226
0.37429902 0.41771677
0.38814488 0.20441763
0.39381823 0.40124384
0.3870366 0.44403344
0.39168203 0.35643956
0.383536 0.37273517
0.39796427 0.4203402
0.37216747 0.547931
0.37214074 0.32252795
0.3847925 0.38634467
0.39620784 0.35199577
0.38162234 0.42020014
0.36441663 0.49823532
0.38656685 0.43642786
0.37065837 0.41243005
0.37913302 0.37991095
0.37583396 0.3174007
0.36462522 0.20015927
0.39253905 0.39552513
0.37497213 0.29071805
0.36958724 0.46587065
0.380572 0.44325128
0.3985056 0.40753916
0.37938341 0.405432
0.3930769 0.5405129
0.38823682 0.4487061
0.38361448 0.4333353
0.3745358 0.3161687
0.3737627 0.3617512
0.36309087 0.1348537
0.3897594 0.4500325
0.385713 0.45285383
0.38197717 0.09838675
0.37639925 0.39400005
0.38064033 0.40641314
0.37132987 0.03122728
0.38479912 0.33402523
0.39163324 0.42246714
0.41249046 0.35983568
0.391233 0.3932944
0.38029942 0.39893153
0.39027712 0.413241
0.3724322 0.4033127
0.39015356 0.41894484
0.36745846 0.38900095
0.37393633 0.44975016
0.39910835 0.45440388
0.36762944 0.4896171
0.3748512 0.4222952
0.36492735 0.48162216
0.3663966 0.03383621
0.39666358 0.4136134
0.39092574 0.37325042
0.39096397 0.35942778
0.3920013 0.4049063
0.37769842 0.28313038
0.39825958 0.46026665
0.39415243 0.6600553
0.3881155 0.43644422
0.37485114 0.4008856
0.3904563 0.36541748
0.39542404 0.44009176
0.3813152 0.4145704
0.36571378 0.45777735
0.378628 0.40678686
0.3837899 0.4067622
0.37485114 0.42340836
0.367263 0.4032982
0.41904563 0.32833093
0.35809144 0.47607833
0.40465018 0.4265508
0.37541553 0.4153954
0.39831427 0.42432803
0.40147015 0.31436813
0.39615798 0.6686487
0.37719476 0.55520266
0.39905202 0.3728789
0.37880173 0.35690522
0.3964349 0.3983318
0.3649954 0.38966525
0.3681605 0.40956149
0.40309936 0.4551775
0.37505388 0.37667766
0.36483005 0.45609784
0.3840072 0.6529669
0.3649074 0.46261322
0.39820716 0.3619171
0.3895244 0.39856958
0.38695318 0.4167573
0.36829057 0.08741674
0.39866433 0.45483938
0.40166196 0.23544812
0.38336143 0.23630711
0.36907592 0.39727548
0.38403282 0.27360758
0.38747668 0.33534858
0.3631656 0.16993944
0.38479257 0.33775705
0.39281258 0.4055551
0.37666532 0.42138818
0.3789918 0.3839895
0.3657801 0.4207444
0.4143392 0.30378884
0.38577998 0.42917314
0.37944904 0.44955286
0.4169944 0.578704
0.38252565 0.25248086
0.39825967 0.4071042
0.39707392 0.38436767
0.38891673 0.45087394
0.378924 0.34392536
0.37214193 0.421251
0.38256723 0.1957442
0.3790089 0.43396878
0.37886083 0.36106384
0.37082866 0.35047197
0.3775098 0.29388416
0.39483586 0.37798467
0.37598002 0.3345186
0.38615793 0.43374783
0.37206942 0.41630957
0.3934822 0.23013905
0.37740824 0.40466124
0.38268062 0.36676246
0.39910838 0.4039952
0.39750892 0.35944766
0.37756842 0.33752915
0.39038798 0.42458534
0.40314642 0.41539755
0.38715956 0.29954743
0.37237245 0.44863582
0.39584884 0.41414294
0.39662078 0.34520316
0.36617944 0.4794985
0.40473548 0.45631903
0.36632672 0.13727061
0.3874247 0.28326806
0.36683342 0.40981647
0.3791894 0.41943172
0.37881044 0.30908033
0.3640125 0.20008396
0.3854235 0.3991731
0.37488243 0.3729116
0.38011047 0.46490037
0.37950388 0.35766646
0.39682308 0.41674063
0.37033573 0.3517156
0.40325457 0.41189358
0.36252442 0.15516263
0.39244372 0.40759242
0.37195548 0.20022044
0.37177542 0.40732524
0.38850683 0.39128667
0.37717733 0.35260814
0.385402 0.42787638
0.38724294 0.3951998
0.37793294 0.70461917
0.38823685 0.38925302
0.36410978 0.20776339
0.37381557 0.47558266
0.38769236 0.39021623
0.39908364 0.28542748
0.3875327 0.4252966
0.40284678 0.33075777
0.37792167 0.33945292
0.37727514 0.3591453
0.37599465 0.2546725
0.38479254 0.45422244
0.38625023 0.41205543
0.3814334 0.43551075
0.46393427 0.5178269
0.39207238 0.62494004
0.3947215 0.60685533
0.39562297 0.35424086
0.38358778 0.40846723
0.37485114 0.36870202
0.37988797 0.48032776
0.39789236 0.40711197
0.37666538 0.4256391
0.39043638 0.24717386
0.40176803 0.41853783
0.37751952 0.34341276
0.388409 0.23887976
0.3955345 0.4345348
0.3982596 0.42142636
0.40844578 0.35591727
0.37587723 0.41757405
0.37502158 0.2627931
0.37816465 0.4102191
0.36278453 0.3806643
0.38351217 0.39791325
0.372251 0.5340775
0.37237242 0.27491853
0.40349784 0.2871665
0.37466154 0.4382967
0.3644698 0.22344984
0.36922196 0.48315662
0.3718274 0.3755044
0.385402 0.48003474
0.38011047 0.4110356
0.37391046 0.36821234
0.37690845 0.42808145
0.39894238 0.39125365
0.37569776 0.3933783
0.375093 0.41163033
0.3713437 0.32427058
0.39675772 0.38702273
0.38000688 0.36856455
0.38127014 0.16142784
0.38861486 0.36296797
0.36904564 0.520323
0.3772378 0.4831974
0.401662 0.118661955
0.38596892 0.44622764
0.3854001 0.35627353
0.40155014 0.4094465
0.40044424 0.22991565
0.36393654 0.37210912
0.381791 0.6328284
0.38589808 0.38175276
0.38916695 0.3564218
0.37787494 0.43383557
0.38995314 0.4035095
0.3756114 0.41666985
0.38578 0.40607262
0.3920013 0.41901883
0.37296182 0.40263125
0.403745 0.42819974
0.45938274 0.3798116
0.3614767 0.10825581
0.37327883 0.57071435
0.37584177 0.24932243
0.37402278 0.2925662
0.36232874 0.34630534
0.36505973 0.59759074
0.38472167 0.21999116
0.3768839 0.29910502
0.36380067 0.15133986
0.40259296 0.374194
0.38439986 0.41250932
0.3825189 0.4076547
0.3836145 0.42472795
0.379964 0.39828572
0.3885068 0.41196057
0.37460923 0.29236275
0.3932246 0.3605239
0.39620778 0.33192968
0.3608735 0.1427055
0.38036367 0.25363234
0.36824062 0.3758368
0.3952335 0.40621832
0.37758538 0.40451592
0.39050242 0.4014178
0.38300467 0.3676482
0.36940852 0.5322942
0.38968092 0.43815616
0.39831427 0.38304958
0.37436736 0.3721881
0.37122282 0.40843624
0.39415243 0.44037557
0.40850243 0.42934126
0.38307175 0.41895774
0.37581873 0.36575848
0.37717488 0.44819322
0.48245016 0.5949923
0.387974 0.3689403
0.38723108 0.39556268
0.4171706 0.22981259
0.38036373 0.3600375
0.36915505 0.45902815
0.37914923 0.39695126
0.3825047 0.7140966
0.36709255 0.45094985
0.37232843 0.41678065
0.39046368 0.47414336
0.36569908 0.46028668
0.39717904 0.354255
0.35896334 0.40554798
0.36936834 0.41692975
0.39361462 0.7758667
0.38849732 0.39634037
0.398976 0.4124187
0.398126 0.35903063
0.37079182 0.38489696
0.38497683 0.015827898
0.38286155 0.8747683
0.37306753 0.11064745
0.3976529 0.3809609
0.39057773 0.44623795
0.37847957 0.43746984
0.3723724 0.4698834
0.40364888 0.38241866
0.38875988 0.40895298
0.3756977 0.43842515
0.36965048 0.5435065
0.3639012 0.20812973
0.37873477 0.3603113
0.37279508 0.39774328
0.376832 0.38429075
0.40774485 0.77006537
0.37143072 0.46225843
0.37979248 0.4996729
0.37903997 0.3916859
0.39562353 0.32511947
0.3666374 0.43037722
0.37462333 0.4476303
0.38881993 0.121225335
0.363945 0.21645495
0.38948524 0.40646616
0.38479254 0.43080452
0.3579258 0.4743045
0.4039292 0.40278846
0.37153837 0.32917625
0.36558983 0.27968532
0.37649605 0.40614378
0.39647397 0.4384728
0.36287624 0.15372391
0.39897594 0.42253244
0.40218714 0.26709
0.38018605 0.38894758
0.37903222 0.25769985
0.4031532 0.44404963
0.41892177 0.65583634
0.38761547 0.3889077
0.381791 0.43478027
0.3789374 0.49313754
0.3754559 0.4401272
0.36940852 0.41217068
0.37825295 0.5366168
0.38122013 0.3886794
0.39643648 0.39788133
0.38019443 0.43566534
0.3843992 0.23431356
0.38179103 0.4258081
0.37577406 0.33815765
0.37894875 0.43521738
0.3783673 0.46282944
0.3778863 0.6056333
0.38515112 0.23262222
0.38716128 0.41684115
0.39529315 0.4168389
0.40783164 0.19786769
0.40272513 0.43631956
0.38094684 0.28389555
0.357693 0.49784416
0.37327883 0.4256898
0.3671066 0.48030305
0.3912156 0.37780207
0.40344155 0.23565519
0.37779394 0.4275078
0.36673558 0.44807842
0.36195228 0.40143228
0.37581873 0.645996
0.3676422 0.1859575
0.38322183 0.2829874
0.37837517 0.5479799
0.38714147 0.39119312
0.39163327 0.41520432
0.38152257 0.38215226
0.3727895 0.39773667
0.39787355 0.41166568
0.3668907 0.46572673
0.39083412 0.4559697
0.3874846 0.37344417
0.3752917 0.348936
0.39159015 0.38252637
0.38207647 0.34993312
0.43430638 0.51988727
0.38729635 0.4242642
0.3741791 0.34706473
0.37132984 0.36527902
0.3902087 0.40033984
0.38834786 0.44297156
0.37950727 0.43121353
0.403612 0.42899606
0.4054295 0.42051014
0.3765428 0.4121869
0.38813978 0.40110147
0.39955083 0.39544436
0.37975332 0.44950154
0.36194578 0.1342708
0.35979024 0.14901893
0.36904576 0.4165382
0.36969742 0.19376925
0.37693375 0.46412307
0.39746734 0.66694874
0.37642345 0.40126225
0.36928764 0.56010085
0.39025584 0.51382715
0.37837514 0.5727896
0.373415 0.48357776
0.3975292 0.40028834
0.39307687 0.36552438
0.41065258 0.4007748
0.38277626 0.63520503
0.3714647 0.4238247
0.36077294 0.20027421
0.3765273 0.24939941
0.40785947 0.399714
0.38877454 0.39939043
0.39910832 0.42607328
0.36593214 0.36787823
0.37315783 0.356396
0.3822838 0.44703922
0.3863055 0.38427505
0.39133307 0.39255217
0.38479257 0.42424423
0.39706782 0.34275115
0.38202894 0.4162444
0.37912044 0.42719668
0.38877463 0.23948401
0.37694916 0.4169563
0.38985017 0.32532695
0.39897594 0.32033888
0.38877463 0.42228755
0.37792262 0.39482003
0.38905475 0.39300913
0.36167955 0.36125025
0.39204544 0.28758872
0.38562495 0.35125715
0.39022884 0.42121547
0.3713298 0.4824513
0.44896713 0.6559481
0.39092574 0.24985187
0.359364 0.432127
0.4074491 0.4194363
0.38086638 0.70298
0.3943786 0.34691262
0.35745952 0.45878044
0.38376066 0.26264304
0.38250473 0.25419518
0.37645072 0.37029934
0.37595722 0.40186208
0.36481944 0.46472538
0.39415243 0.41416928
0.37703064 0.42116612
0.3982596 0.50356275
0.3981776 0.3912946
0.3982596 0.4276897
0.3650833 0.47242582
0.39472154 0.8171586
0.37509307 0.9069318
0.41288647 0.19886592
0.37695983 0.3977125
0.3760215 0.43518162
0.378746 0.41682312
0.4909387 0.56889683
0.3620045 0.49639317
0.4116229 0.5039636
0.36936828 0.39195126
0.3771561 0.3086899
0.37532246 0.48602918
0.40427768 0.3709422
0.37773436 0.4240005
0.37859336 0.41534972
0.37618163 0.4345865
0.37237242 0.23722447
0.37376258 0.38518882
0.3789864 0.8762723
0.40329197 0.44359663
0.38896737 0.3836261
0.3632404 0.4188095
0.41443172 0.42425525
0.38107732 0.8444792
0.385402 0.3662253
0.37758535 0.4763049
0.39163327 0.45250058
0.37935296 0.4499796
0.357665 0.5601748
0.37916556 0.6669281
0.38291612 0.32760864
0.39084813 0.3596104
0.37267402 0.41912547
0.37894145 0.3782137
0.36990312 0.42253953
0.38126346 0.30810434
0.3702552 0.54802877
0.38540205 0.4285114
0.37568513 0.44963887
0.3875854 0.5362976
0.37910846 0.40900326
0.3860226 0.44356167
0.37557682 0.39440814
0.39886552 0.4437306
0.36582705 0.47064748
0.38499162 0.5769162
0.37255317 0.5145753
0.38539055 0.39812022
0.4009561 0.42557022
0.39898595 0.43470228
0.38143414 0.41439435
0.36795712 0.39302856
0.36904564 0.36605096
0.3897592 0.3987646
0.3860447 0.38055345
0.4037923 0.37446058
0.38402236 0.4088604
0.37279508 0.3973771
0.39127195 0.8311645
0.3892049 0.38283068
0.38928953 0.4522083
0.40760466 0.42827573
0.39740574 0.2606885
0.39911422 0.3700757
0.39271715 0.42393202
0.37823504 0.26632512
0.41231957 0.3291455
0.3646045 0.14534047
0.38939217 0.40590298
0.37359813 0.40183064
0.37678632 0.41604722
0.37001327 0.413307
0.37546694 0.40334308
0.37045175 0.47273043
0.37691888 0.37142554
0.36928767 0.98998487
0.3893124 0.42711496
0.39478505 0.35887125
0.37678626 0.89623755
0.3812587 0.3672024
0.38780442 0.41740137
0.37689465 0.7531019
0.3816513 0.39278737
0.36844102 0.39307445
0.37837514 0.4221678
0.3887746 0.42844912
0.37045166 0.40256897
0.38648957 0.36442092
0.39745858 0.3964054
0.41492468 0.4270398
0.39746565 0.4058208
0.3976806 0.4312043
0.37352195 0.49654803
0.38001603 0.44240624
0.38439986 0.43417522
0.37898633 0.85453665
0.35711515 0.38704303
0.38922897 0.26677027
0.36960816 0.46889308
0.38537198 0.3773548
0.37460926 0.6639017
0.37951884 0.4092127
0.42465052 0.5425369
0.38036984 0.40903908
0.36198846 0.47567815
0.37792698 0.3389984
0.40869704 0.21912804
0.40325448 0.41190773
0.40026143 0.41332546
0.40156204 0.3631802
0.3572922 0.43939796
0.37753943 0.13354443
0.4099001 0.26924786
0.36499542 0.44800887
0.37150607 0.12203144
0.38131997 0.41032875
0.4051973 0.41276908
0.36980334 0.12917112
0.3958648 0.4242839
0.39092574 0.45815182
0.3725935 0.3277312
0.3966083 0.44735163
0.4056764 0.3614841
0.37001333 0.38974375
0.38179103 0.4210628
0.3687228 0.47857308
0.37045172 0.4713648
0.37066785 0.467796
0.39368263 0.4092291
0.37509307 0.42867646
0.37620574 0.5005357
0.38748395 0.41770992
0.37185118 0.45201203
0.3747846 0.32161313
0.38086644 0.34036264
0.36499542 0.15211703
0.3715905 0.4573746
0.36866346 0.4544165
0.3904967 0.42734802
0.3774148 0.43624005
0.37821212 0.44670156
0.39746568 0.25523105
0.3881345 0.36798772
0.37227094 0.53122413
0.36091372 0.18523769
0.37115464 0.46830618
0.4028673 0.43679383
0.3836145 0.6097047
0.37874183 0.40392268
0.40423873 0.30752632
0.38911727 0.43826163
0.36939278 0.44932145
0.38768744 0.45446452
0.37715757 0.3383568
0.3891361 0.4157209
0.39039138 0.42742866
0.3952932 0.5435331
0.37132984 0.46758774
0.39106673 0.3941121
0.3723112 0.46041888
0.3848921 0.4062127
0.3900653 0.29915112
0.38451788 0.36837447
0.40271065 0.28507382
0.35714546 0.4336415
0.36493358 0.40635678
0.371353 0.34919304
0.3699893 0.47585905
0.38179097 0.35126656
0.3848739 0.37036115
0.3922164 0.4300239
0.39831963 0.4299469
0.37981978 0.434254
0.39318702 0.3163165
0.3861782 0.5788321
0.40625486 0.25238886
0.38805756 0.3795676
0.36695942 0.041261993
0.38805082 0.33849883
0.39643642 0.37758216
0.37800846 0.38787097
0.37874183 0.36227927
0.36732528 0.40229037
0.37315443 0.46077254
0.39647394 0.74347055
0.37016356 0.31258178
0.39378372 0.16943608
0.3894573 0.39840293
0.3916428 0.4105911
0.3668432 0.45036936
0.40881434 0.37316275
0.38998392 0.39130473
0.40289935 0.38886365
0.38515112 0.38740012
0.37861958 0.42394185
0.39251742 0.37546152
0.3964043 0.3644275
0.39529315 0.42646
0.3724322 0.41449428
0.3789374 0.42619875
0.37333146 0.41273877
0.39415243 0.41611496
0.37235323 0.61224425
0.37770054 0.41866276
0.37291607 0.921967
0.37582013 0.12682202
0.38273585 0.3764815
0.38870254 0.3935611
0.38615793 0.452416
0.37035462 0.46136037
0.39403293 0.41415858
0.38574716 0.3523716
0.36554268 0.4073489
0.36298707 0.14994024
0.38250464 0.39970475
0.38739517 0.40270194
0.37580392 0.40627638
0.38207647 0.41250008
0.39094433 0.41454306
0.3902087 0.38155982
0.39768058 0.40476483
0.38776448 0.41043085
0.3767682 0.4243546
0.40135598 0.45065376
0.37085983 0.38267797
0.3720694 0.37090307
0.3816224 0.34085438
0.39128426 0.35143262
0.381791 0.39096284
0.37110004 0.46955156
0.3651447 0.08883126
0.3930769 0.4107188
0.37436745 0.5166139
0.3990985 0.35659266
0.39019462 0.42363468
0.39052472 0.37700698
0.4104064 0.25526804
0.38949165 0.40321386
0.3976806 0.7403882
0.38483506 0.64800906
0.37788627 0.7582254
0.3878731 0.32601804
0.37792704 0.35595033
0.3771748 0.37605718
0.3939943 0.40516394
0.4086872 0.43764225
0.40314642 0.36335558
0.37916553 0.44241175
0.3764082 0.34891495
0.3745255 0.41466916
0.3899155 0.40633237
0.3762334 0.41727325
0.38648957 0.36447188
0.39817426 0.3785452
0.39324114 0.36949804
0.3813152 0.43093506
0.39188975 0.163958
0.38924593 0.38924563
0.36894897 0.36566168
0.39260343 0.19530849
0.37731504 0.283461
0.39897594 0.41889074
0.4012793 0.4051828
0.38131526 0.3780424
0.38620022 0.33054283
0.4160232 0.41988128
0.35763153 0.43501836
0.38293293 0.3980852
0.37751955 0.63034034
0.39845338 0.28195196
0.36272392 0.17270426
0.44370762 0.7234115
0.3893124 0.44173056
0.36429158 0.41770923
0.38877466 0.40713775
0.3893799 0.42655513
0.39441043 0.35181078
0.37565753 0.30822465
0.37473017 0.4142859
0.3772011 0.3401807
0.37995455 0.457575
0.3831854 0.2640992
0.3720765 0.4076416
0.37185115 0.48920918
0.38666344 0.40799412
0.37574983 0.34202212
0.3825047 0.41755486
0.37098077 0.41084304
0.3681858 0.48468912
0.39289704 0.4051235
0.40074596 0.3664839
0.37889048 0.37988168
0.37973252 0.39318618
0.38816234 0.18063927
0.38596895 0.48800665
0.39307684 0.43032366
0.3871613 0.42257273
0.39846742 0.2750036
0.3836145 0.423744
0.38637367 0.36088878
0.38585556 0.3794625
0.3722709 0.34755033
0.37084025 0.116695926
0.3887746 0.41056672
0.36682513 0.43201366
0.39470825 0.42897648
0.392466 0.20482205
0.39057583 0.35777587
0.37412542 0.4403282
0.40383425 0.38063645
0.37618157 0.37628567
0.3903752 0.37412968
0.37815985 0.35496634
0.38117504 0.37740618
0.38513032 0.39731604
0.37259355 0.3597484
0.37638614 0.25413382
0.36817437 0.5600668
0.3846461 0.42085627
0.39782962 0.24559969
0.41027835 0.3675726
0.39765024 0.31443334
0.37713027 0.40198848
0.38416424 0.42927253
0.3874431 0.37542894
0.3816223 0.34992433
0.39244786 0.18252158
0.39083537 0.43788877
0.38177344 0.40226823
0.37727514 0.38815892
0.39972946 0.6531651
0.3777177 0.36025795
0.38768956 0.48467925
0.3688616 0.38790593
0.37953988 0.26509744
0.380016 0.46847558
0.37317926 0.45699167
0.38518175 0.36280426
0.36540166 0.4582132
0.37823695 0.40388846
0.37219027 0.37372157
0.37840122 0.41070443
0.39343542 0.44764417
0.36038035 0.42619902
0.3972734 0.45309946
0.3914797 0.16289304
0.37768248 0.4228842
0.37916556 0.4267813
0.37934718 0.28918985
0.40307894 0.35116398
0.40289924 0.40745124
0.38079104 0.39160597
0.3792307 0.48662624
0.4028993 0.40598077
0.3876486 0.18261194
0.37185115 0.48132965
0.39052162 0.39435586
0.37307718 0.38574132
0.3899891 0.4293788
0.36298424 0.1515338
0.37393633 0.45181316
0.37195542 0.07477769
0.38617817 0.81368476
0.39694366 0.450171
0.367389 0.4927054
0.39848927 0.429305
0.37935296 0.5779625
0.37841585 0.4136504
0.37846246 0.36696735
0.39897594 0.45478064
0.37445763 0.09473867
0.38479254 0.40390408
0.37061802 0.5421464
0.3672078 0.45145175
0.39831427 0.48215374
0.36396447 0.15424861
0.36912698 0.07213236
0.38974115 0.41609585
0.40233567 0.40016633
0.37224206 0.4596207
0.3700195 0.18838635
0.37783912 0.19677243
0.39414105 0.4718249
0.376331 0.4099393
0.38367063 0.39002562
0.40228018 0.4063289
0.39361462 0.4334204
0.37656197 0.39383703
0.37599787 0.40118113
0.36646947 0.4561687
0.3653153 0.41987434
0.40409917 0.45963287
0.36759436 0.34659445
0.39046365 0.48874122
0.38881785 0.4349759
0.38421592 0.27652487
0.36464345 0.29147455
0.37448835 0.3941159
0.36498317 0.47641903
0.39393732 0.42183083
0.39768058 0.42812246
0.37995926 0.3695856
0.3724322 0.4766907
0.38403538 0.37859038
0.3982596 0.39115432
0.40037063 0.61119765
0.38439986 0.6530448
0.38501224 0.41855064
0.36622685 0.4899086
0.39708352 0.44777164
0.37222233 0.18590774
0.39262116 0.33491728
0.39279422 0.43755838
0.38511738 0.44278246
0.38445702 0.39490223
0.37485114 0.42194167
0.3656991 0.5029174
0.38924804 0.22141662
0.40378198 0.33123183
0.38899603 0.43543726
0.37703052 0.39193
0.3665788 0.4872393
0.3826029 0.44486785
0.39750892 0.41814294
0.38617817 0.42165288
0.38974622 0.2608413
0.36872324 0.5188837
0.3610719 0.4549502
0.36715811 0.5100732
0.37159052 0.45403337
0.37098083 0.36693385
0.3952335 0.39215192
0.3982596 0.4029286
0.38716128 0.45913568
0.3781307 0.42202774
0.4027317 0.39236525
0.37149447 0.035078358
0.3782109 0.21967886
0.3863737 0.07538076
0.38670102 0.42822197
0.39911732 0.38577986
0.3765444 0.40643224
0.37720522 0.39834487
0.38800332 0.42173454
0.37504613 0.388253
0.37979278 0.36718708
0.39311627 0.32291323
0.3767863 0.37156337
0.37153837 0.24071366
0.387082 0.48427925
0.37237245 0.24431467
0.37929186 0.4222907
0.38007817 0.39060095
0.3758188 0.44039136
0.39220497 0.26706985
0.36724272 0.439046
0.36936834 0.51034826
0.3924831 0.23128399
0.37348303 0.47644004
0.40273163 0.422464
0.37119746 0.3653352
0.39337143 0.16990358
0.37924042 0.37684157
0.37546554 0.32920825
0.39141947 0.412867
0.36110362 0.3763706
0.3673732 0.37391695
0.37533492 0.67079777
0.39057773 0.4331981
0.37017182 0.32842863
0.3671066 0.13997033
0.38766095 0.34593058
0.3715905 0.21569921
0.38036367 0.36648187
0.3864896 0.3866167
0.36898527 0.4264281
0.3682905 0.50324094
0.41088858 0.65145177
0.37895215 0.36486185
0.38655013 0.42111453
0.39910832 0.38418087
0.3743674 0.4024028
0.3813152 0.39505225
0.38524446 0.60974056
0.39111826 0.43593693
0.37237248 0.41113722
0.40119037 0.37608203
0.36773714 0.34196508
0.36633942 0.59875214
0.41560027 0.24436846
0.37219033 0.38487372
0.38559595 0.33381987
0.39092574 0.4366366
0.3856893 0.3769823
0.38705447 0.25286284
0.38054487 0.30733034
0.40479234 0.39129364
0.37286732 0.35447413
0.38868675 0.39003074
0.38301447 0.38528344
0.37612578 0.40575644
0.3732789 0.41229412
0.38029948 0.33300045
0.37576085 0.48134592
0.40665913 0.4155454
0.36593574 0.4758483
0.38604993 0.3840261
0.38062137 0.4470007
0.38083944 0.4040641
0.36965045 0.55235344
0.39250106 0.4049266
0.35945553 0.14728668
0.37551633 0.40830734
0.37490955 0.4147034
0.36503968 0.45302683
0.3778509 0.36208832
0.36675474 0.4791902
0.36958727 0.14970222
0.36011285 0.6031046
0.39643648 0.30940425
0.39163324 0.23422702
0.38741678 0.28901187
0.3756812 0.37653792
0.38978288 0.3087336
0.39908388 0.4443501
0.38446292 0.4286262
0.40325448 0.46616444
0.3795072 0.3887972
0.39128426 0.41975844
0.37988696 0.22520205
0.39531913 0.43341368
0.3975714 0.6926162
0.39074746 0.38487408
0.37776402 0.4219335
0.39550105 0.39708582
0.41237152 0.2879561
0.39057776 0.40408495
0.38768902 0.3738754
0.3837454 0.4037332
0.38237825 0.43752185
0.3877549 0.41935208
0.37837872 0.37752047
0.40319347 0.4381907
0.38064915 0.41098183
0.378628 0.4700352
0.3876855 0.15835166
0.37436733 0.42820942
0.37547436 0.26920536
0.3811993 0.5134478
0.37670323 0.38129777
0.37548265 0.46510184
0.37358347 0.48445708
0.402925 0.39957854
0.5132716 0.52747667
0.385731 0.3686791
0.39149234 0.38239235
0.38131523 0.38710248
0.39317587 0.44889218
0.37202495 0.44023237
0.38752237 0.19588697
0.36582115 0.45469207
0.375093 0.8861191
0.38665286 0.41502598
0.3772587 0.34272403
0.40871125 0.26410228
0.37950572 0.36949417
0.37678626 0.36703527
0.3616126 0.14713614
0.38367787 0.29333958
0.39758658 0.34204197
0.38373116 0.34015685
0.37166306 0.37457255
0.37602147 0.48387814
0.37303695 0.41546196
0.38738778 0.40584597
0.37485114 0.40575027
0.37705287 0.4123493
0.37999418 0.4282577
0.36177334 0.30352145
0.37598005 0.36871284
0.3959047 0.40121573
0.36931315 0.48509678
0.3752395 0.462965
0.37580797 0.3067314
0.3773869 0.32635325
0.37593427 0.51828456
0.42096278 0.36186266
0.38646913 0.2447379
0.3978167 0.35192433
0.40111628 0.24842581
0.39866433 0.4527767
0.37923077 0.36090666
0.36872277 0.43174684
0.36481255 0.41409877
0.37523213 0.42723238
0.40334576 0.45528877
0.36382246 0.3394062
0.36450812 0.14644991
0.37748462 0.38915238
0.38674894 0.3414377
0.3690686 0.3640259
0.36893892 0.14966528
0.40534428 0.27397457
0.3768035 0.39462703
0.39791194 0.44203
0.3662533 0.47474787
0.4040744 0.4225347
0.36761162 0.47075617
0.37122276 0.37045306
0.38421118 0.46025366
0.37706414 0.44860932
0.37254038 0.45356965
0.38248625 0.29732448
0.3840413 0.17933571
0.36131105 0.37687436
0.39043888 0.41580912
0.40118662 0.4474739
0.39445058 0.77080053
0.3829302 0.40939716
0.37297642 0.5733397
0.37654445 0.35852274
0.38531116 0.40085894
0.3713437 0.44143015
0.37963077 0.39186677
0.37935296 0.39415094
0.36636987 0.473014
0.38548014 0.37067625
0.3689389 0.46798337
0.37639925 0.3293146
0.39643833 0.26701802
0.3686093 0.48583114
0.36085838 0.14530638
0.3769084 0.41098022
0.40155014 0.4640035
0.3970081 0.45697483
0.4041768 0.38159278
0.36614305 0.39721212
0.38036364 0.3006069
0.362415 0.4070941
0.36880675 0.5624655
0.39483592 0.3649427
0.38874164 0.36738917
0.3654389 0.09956383
0.39798844 0.39580408
0.37869796 0.16874786
0.37445766 0.4234681
0.37643284 0.3070092
0.35721275 0.4405837
0.37837514 0.41420558
0.3673525 0.37483913
0.40314642 0.40966713
0.38483503 0.41682595
0.38931635 0.27779156
0.39368412 0.25731787
0.38975242 0.3659842
0.39529318 0.34563628
0.36457065 0.397983
0.38721076 0.22578558
0.39046368 0.42187482
0.3771773 0.40293422
0.37113476 0.38578966
0.39576143 0.3980386
0.3743674 0.40818682
0.38479257 0.36790124
0.3784363 0.36642227
0.3759397 0.51330864
0.39107394 0.2608768
0.39768058 0.42816153
0.40235382 0.42570326
0.37132987 0.43056473
0.3728321 0.41313246
0.40296924 0.42670348
0.37666538 0.395453
0.38757777 0.36678302
0.3750857 0.40812805
0.374464 0.42695993
0.37855342 0.32265386
0.36497244 0.17187941
0.3959913 0.40810096
0.37715283 0.38479117
0.3740045 0.38941106
0.35741884 0.43588108
0.38758144 0.57762885
0.36916664 0.35713795
0.374921 0.3786118
0.39092574 0.35118788
0.3575403 0.4183662
0.37868685 0.3099277
0.378628 0.43456107
0.38666347 0.4230308
0.37666535 0.67352456
0.378712 0.37872222
0.39041182 0.4100664
0.37593964 0.6344936
0.36712337 0.030927055
0.39190903 0.38152567
0.37738836 0.4248406
0.3948774 0.39546737
0.37424642 0.449385
0.36310244 0.17458235
0.387185 0.41016063
0.4013559 0.29799467
0.3781307 0.3700189
0.37339982 0.4029493
0.38297632 0.44065732
0.35711202 0.44100797
0.37404487 0.33027482
0.36277094 0.49102584
0.38743043 0.3813035
0.38410267 0.43143654
0.40392715 0.36927438
0.3871613 0.37075773
0.37088397 0.18815349
0.36894903 0.37514523
0.39028522 0.13753319
0.3631948 0.31486762
0.36220425 0.13686766
0.38442245 0.5584861
0.37671062 0.42260668
0.37727514 0.39911103
0.3891861 0.28179103
0.38114986 0.46694723
0.388447 0.36022466
0.3723113 0.34811655
0.40461773 0.3746769
0.37988323 0.4294297
0.40920314 0.34973878
0.37424192 0.4139777
0.3873095 0.33137605
0.36391625 0.28890213
0.3807272 0.3367603
0.3894852 0.42622146
0.39170405 0.3903374
0.37862578 0.27484408
0.3892167 0.4085636
0.3754799 0.42346337
0.39765027 0.41864833
0.3667477 0.42261833
0.37939826 0.4684031
0.38859537 0.36600015
0.3700272 0.16977984
0.40159807 0.24034335
0.38958582 0.4130135
0.37114212 0.3901128
0.3733091 0.408102
0.3905672 0.35160393
0.38638815 0.39623985
0.40323597 0.42583385
0.3628011 0.14906336
0.3894268 0.37664962
0.37916556 0.4028243
0.37264124 0.31721836
0.37333027 0.31677443
0.38036367 0.41971663
0.40325755 0.1953943
0.41385219 0.20701548
0.370698 0.32903108
0.38761547 0.33805585
0.3755768 0.4409789
0.3976502 0.3371234
0.3698198 0.39453152
0.3887746 0.42713377
0.4123788 0.23563288
0.38629794 0.46561095
0.396959 0.34935072
0.37398854 0.42704326
0.37915435 0.3820683
0.36872283 0.4601161
0.38106734 0.21992673
0.37315434 0.37988505
0.37132987 0.3505343
0.37996265 0.39417934
0.3919875 0.21878506
0.366143 0.37034625
0.36135197 0.43589902
0.37799516 0.4309504
0.36043432 0.14287908
0.37679943 0.39168265
0.40176806 0.40356925
0.37552783 0.3110157
0.43027887 0.60578334
0.39094535 0.21692604
0.37910852 0.4232822
0.38822934 0.31530097
0.3974673 0.42790923
0.36575034 0.46749368
0.3737531 0.38593313
0.37684068 0.41062894
0.38036367 0.44131172
0.37731817 0.37450495
0.3907533 0.4065928
0.37825295 0.35893852
0.37615395 0.38275853
0.37788624 0.25010735
0.39415243 0.4066488
0.40256992 0.41888794
0.39307687 0.42880648
0.38244644 0.38465518
0.37142846 0.3982169
0.38928956 0.42692694
0.3772379 0.38184378
0.4078959 0.24796173
0.38250467 0.36176506
0.39415243 0.42568612
0.37110177 0.3539764
0.3619458 0.13494107
0.39092574 0.3419557
0.38322183 0.3823732
0.36807445 0.46157414
0.38351217 0.36616057
0.38805756 0.40554246
0.38505542 0.39230102
0.38479254 0.3307304
0.37800846 0.78784114
0.36280623 0.15165126
0.4020789 0.38139343
0.38214788 0.38440973
0.40684804 0.73028183
0.38931242 0.42429686
0.38811544 0.48621386
0.3791493 0.43900487
0.37689364 0.38748595
0.3991857 0.3677214
0.38864994 0.37136033
0.3873098 0.41714358
0.3795033 0.27164
0.3895831 0.42211506
0.36517137 0.21923107
0.37063983 0.37506914
0.38036373 0.43891242
0.38617817 0.8650458
0.3927544 0.38080484
0.3820289 0.45507845
0.39092577 0.417607
0.38492444 0.5998015
0.3880576 0.42129958
0.39200127 0.43146533
0.38272116 0.40968278
0.39370373 0.21460567
0.39710733 0.4352703
0.38718498 0.3493759
0.3964809 0.4033169
0.37910852 0.38891932
0.37630257 0.35913387
0.37711212 0.35805422
0.39330927 0.3371691
0.37606063 0.4129478
0.3659229 0.48206538
0.3916539 0.44268546
0.3738836 0.6830064
0.38972327 0.3428536
0.36309716 0.14573759
0.40619513 0.39453232
0.37310663 0.40269896
0.35704678 0.44262964
0.39285985 0.4510121
0.39092577 0.40795538
0.38207662 0.31683183
0.38772616 0.37488785
0.3792307 0.44986212
0.38615793 0.44774094
0.38922778 0.4198967
0.37711212 0.37085864
0.3654173 0.37005398
0.39361465 0.41979367
0.4016709 0.40533337
0.37425599 0.3841116
0.40166196 0.4449643
0.36916658 0.4139986
0.39628276 0.40590185
0.39825958 0.44001448
0.36976013 0.4579398
0.40284678 0.34525937
0.3704517 0.458898
0.39464852 0.36571518
0.37739727 0.8543737
0.3787497 0.35046706
0.37761843 0.40713844
0.37670946 0.31315783
0.39164278 0.387988
0.36602205 0.36858705
0.37445763 0.35176334
0.37607613 0.26883087
0.38669565 0.29856762
0.3707867 0.96906304
0.37874183 0.39444315
0.38389012 0.37169558
0.40228018 0.4205809
0.38214788 0.43084714
0.37678626 0.38278317
0.37485117 0.39921167
0.4086177 0.2565689
0.37081966 0.40897635
0.35825452 0.38152465
0.38054058 0.396748
0.40153036 0.3899899
0.3771529 0.40540886
0.36737928 0.42940342
0.37872955 0.30215433
0.37522915 0.2927798
0.3939741 0.4526998
0.36533114 0.47426924
0.35898888 0.14158638
0.49127987 0.5309893
0.40345508 0.35901576
0.38276884 0.3782562
0.36087683 0.14321852
0.37741348 0.4193153
0.36723158 0.41447484
0.37418225 0.43437877
0.36936823 0.36475345
0.3675758 0.4258004
0.38356495 0.37597278
0.39907518 0.40385276
0.37279508 0.41715863
0.37698177 0.34360638
0.36657885 0.47152817
0.37448832 0.39275926
0.37763467 0.3193075
0.37763122 0.28499347
0.37700933 0.5013482
0.36828277 0.16106991
0.3984562 0.37936413
0.37700614 0.30741662
0.3841027 0.34732175
0.37800848 0.42483395
0.3930769 0.599992
0.3909258 0.23830068
0.38553742 0.41325742
0.4039206 0.39616665
0.39377785 0.23757128
0.3898766 0.42531165
0.37184775 0.39922178
0.36941433 0.24949786
0.379167 0.4047365
0.3962878 0.24065626
0.37825295 0.566921
0.36401007 0.39754087
0.3674585 0.49778777
0.4032546 0.3893984
0.3783224 0.40643394
0.38282362 0.31464422
0.3764638 0.39401883
0.3842661 0.37568253
0.37738028 0.39709616
0.36662933 0.3887629
0.37788624 0.5712029
0.39643642 0.35248125
0.37073895 0.4149309
0.3720849 0.17659006
0.36910257 0.47779375
0.36550555 0.13930199
0.37497213 0.8713586
0.37999418 0.43413958
0.37593964 0.42142108
0.38506508 0.19097352
0.39797202 0.32148468
0.38700965 0.39421883
0.37388352 0.4023479
0.37413684 0.32627812
0.3756117 0.44087422
0.37517366 0.35972917
0.3886481 0.39766237
0.38571134 0.376525
0.3918679 0.37685385
0.36436862 0.49830034
0.36440787 0.50078124
0.3751535 0.4123643
0.4103204 0.41545746
0.38274258 0.3485981
0.39753774 0.4678612
0.45521954 0.71682304
0.3834581 0.34778583
0.3982596 0.3883834
0.37370613 0.33249357
0.40366706 0.40311253
0.38958314 0.41972616
0.37918672 0.36293837
0.3837477 0.3488866
0.36452296 0.14642613
0.38756022 0.24991553
0.4084285 0.2792214
0.3643473 0.4252635
0.37396425 0.4075802
0.36593363 0.09153933
0.40596613 0.40954018
0.39908358 0.25978142
0.35691535 0.43440586
0.3689248 0.42425594
0.3740886 0.37579322
0.3708178 0.3763673
0.383701 0.38076344
0.38131526 0.41505563
0.40272513 0.4333374
0.3813152 0.36016548
0.36989227 0.42429402
0.38594118 0.18579227
0.37267408 0.38830668
0.36522996 0.4402908
0.39164278 0.42428517
0.3664028 0.47273177
0.35838035 0.1937282
0.36728168 0.4511422
0.36316568 0.30790338
0.4034802 0.44977543
0.37515265 0.37448826
0.38322183 0.37502062
0.382735 0.4035934
0.3789863 0.38077608
0.40366805 0.27493662
0.46315983 0.43415695
0.403612 0.39347225
0.37296826 0.37954342
0.37735662 0.4151688
0.36729637 0.15859531
0.39188075 0.28062946
0.37954807 0.2821001
0.38523605 0.44064808
0.3778862 0.5622714
0.36429164 0.28405896
0.41234767 0.2306704
0.39253902 0.80369806
0.36827445 0.38113406
0.37473017 0.7444133
0.37078732 0.395003
0.38501617 0.4228823
0.394531 0.40964425
0.36578014 0.40622827
0.39046365 0.5172417
0.3756575 0.38705704
0.37098092 0.35236743
0.39869776 0.4599936
0.38715997 0.43476647
0.40273166 0.46622595
0.37684968 0.39110932
0.39307687 0.6848737
0.37874183 0.41071656
0.40725482 0.3130835
0.383674 0.022628354
0.37808928 0.29153952
0.37837514 0.56393814
0.37231123 0.42173606
0.37609002 0.023726722
0.38877463 0.43061054
0.41623813 0.41636178
0.37909937 0.40454313
0.37185118 0.47445962
0.370739 0.3968794
0.39245996 0.33569402
0.3867214 0.39030436
0.38143334 0.42813125
0.40233573 0.6044488
0.3686584 0.30040783
0.39164278 0.43871492
0.40544787 0.35451278
0.37729016 0.41882065
0.37703064 0.6901832
0.37303695 0.4170456
0.383832 0.44367185
0.39146355 0.4171864
0.37081963 0.39097816
0.37717733 0.4659352
0.39252192 0.36983928
0.3702552 0.52845174
0.3753349 0.38533375
0.3678882 0.4050704
0.36880383 0.5582557
0.38400742 0.26449922
0.38109884 0.21971999
0.4059991 0.44675043
0.379548 0.4067859
0.40166196 0.4183585
0.37001324 0.38771838
0.37088397 0.4655442
0.40340078 0.25892258
0.3713437 0.35679525
0.3785246 0.3817341
0.37610903 0.4097704
0.38163564 0.16141261
0.38636848 0.303633
0.36513606 0.43024737
0.38052168 0.3175211
0.36244205 0.14378458
0.39472154 0.3983611
0.38162234 0.4243618
0.39092577 0.36981013
0.40917978 0.18218964
0.3576611 0.4470706
0.38530794 0.5805404
0.37584776 0.084925175
0.38761845 0.44357112
0.3915553 0.3534737
0.37751845 0.42554706
0.3979641 0.37288505
0.3756575 0.6628665
0.3692477 0.48546338
0.40066734 0.29380098
0.37641004 0.37965897
0.37529173 0.41067296
0.40244845 0.42732438
0.35714367 0.4163944
0.3950121 0.57690334
0.3830879 0.31139478
0.47113994 0.6622744
0.38241774 0.38828328
0.373274 0.35545477
0.3976806 0.40381747
0.36616823 0.09340139
0.3830018 0.30683482
0.39017245 0.40740508
0.35805452 0.5032007
0.40235385 0.4061009
0.37576368 0.3785469
0.37979916 0.39538813
0.38128996 0.4077387
0.37737283 0.4226967
0.38889822 0.45275915
0.36539748 0.39724785
0.39296374 0.33837783
0.38086638 0.045411978
0.3822838 0.46902892
0.38887718 0.35533142
0.37452862 0.4274531
0.39318883 0.46004295
0.39897594 0.4347381
0.36749414 0.28762567
0.37231922 0.3467549
0.3716774 0.45285484
0.37533498 0.4082565
0.39146355 0.72581786
0.3892896 0.39132243
0.4776226 0.55979633
0.38419053 0.4042419
0.375214 0.4162156
0.39024785 0.39730707
0.37743 0.41392452
0.38999403 0.37309366
0.40272513 0.43732795
0.3604165 0.13546596
0.3731095 0.36962944
0.37078738 0.40979296
0.37701777 0.34265634
0.38782242 0.4311258
0.39908364 0.515378
0.36926305 0.47509813
0.3840072 0.63389266
0.38032618 0.40465596
0.39920124 0.25682557
0.386645 0.39865264
0.38870254 0.5836368
0.4042933 0.39306888
0.40050745 0.24028127
0.37515265 0.42471808
0.39796427 0.44517463
0.37132984 0.30461645
0.38811547 0.3914931
0.37906775 0.39540726
0.37376934 0.38564378
0.38429 0.4010107
0.37846455 0.40604028
0.3743674 0.40005335
0.36675468 0.4681578
0.37527886 0.32699978
0.38022038 0.4091605
0.40800944 0.3750036
0.3832218 0.3942084
0.37497678 0.42094663
0.39328232 0.38467136
0.3949736 0.35190913
0.4058058 0.28233826
0.39175832 0.42551866
0.37883648 0.1848295
0.40414613 0.22780502
0.40135586 0.42922744
0.39817426 0.38775432
0.38351217 0.41872573
0.39073205 0.40400103
0.403612 0.35360575
0.39307684 0.27838138
0.37742934 0.5042182
0.40135592 0.42731342
0.3780184 0.24801789
0.38237494 0.24188928
0.3634338 0.401967
0.37569132 0.38637263
0.38463378 0.23597121
0.37892875 0.4705925
0.39897594 0.4531934
0.36644036 0.46910203
0.39130923 0.39603204
0.37995335 0.39215404
0.37315795 0.60969734
0.37776402 0.4135441
0.37654287 0.5039155
0.37910107 0.28051025
0.3708965 0.28499103
0.37622362 0.3552459
0.37188616 0.36977136
0.39987692 0.23615587
0.3850917 0.41584644
0.3613555 0.32451022
0.3782489 0.4343312
0.3808395 0.33050212
0.37279508 0.43936506
0.40289363 0.40298373
0.3768457 0.39428708
0.41199756 0.33580756
0.39276084 0.43261302
0.38000688 0.42077428
0.36907378 0.37779644
0.37926152 0.38953993
0.39025563 0.34328493
0.3924437 0.40416142
0.40348577 0.29967657
0.39918575 0.41063017
0.36830956 0.40627706
0.38085875 0.016230708
0.3874075 0.3491905
0.37397903 0.32986248
0.39879853 0.43489933
0.37874183 0.46585727
0.38737965 0.41123188
0.3653247 0.4207652
0.39012823 0.37880343
0.40265182 0.67710733
0.39415237 0.50853217
0.37650985 0.3880727
0.386645 0.33005333
0.36506048 0.46686175
0.3852445 0.7560557
0.39897594 0.42821404
0.36904564 0.4954164
0.37680346 0.4821886
0.39226237 0.32915318
0.3897613 0.34247237
0.37484857 0.4568324
0.39079326 0.4641517
0.37737682 0.3730419
0.40273166 0.39451876
0.39191106 0.16401902
0.37209883 0.46224552
0.39413342 0.43455032
0.3869532 0.34603667
0.3745286 0.43086448
0.40272516 0.39454004
0.37576088 0.46466765
0.3642034 0.32367417
0.385402 0.41934383
0.36844978 0.26546508
0.36047593 0.14210393
0.38243136 0.39940342
0.3660119 0.20284769
0.3803637 0.3729393
0.39418525 0.38308597
0.38067064 0.38655317
0.3991857 0.36072448
0.3893899 0.35372558
0.3724716 0.38236773
0.405017 0.3322982
0.39664406 0.41777605
0.37120727 0.47891358
0.39017627 0.4002414
0.37339982 0.36683938
0.39332542 0.39496964
0.3986531 0.39658204
0.37703064 0.41567662
0.39247856 0.28328532
0.3881155 0.31173566
0.40960452 0.36582902
0.37205034 0.30774722
0.3650545 0.3923069
0.37726495 0.48268425
0.39307687 0.4165056
0.37481228 0.29975462
0.37691757 0.27516598
0.39035693 0.40596786
0.39180994 0.41970736
0.38216227 0.32736716
0.3951905 0.37217873
0.37491968 0.33397678
0.402357 0.35752046
0.3661271 0.3768161
0.37045166 0.4783654
0.36546457 0.17573066
0.39773336 0.40265456
0.36872286 0.21718782
0.37158555 0.35068262
0.3882961 0.34560773
0.38256726 0.3681838
0.36881688 0.05819869
0.39529315 0.30991223
0.39187202 0.3941781
0.40426934 0.41274375
0.3788422 0.3717908
0.3879687 0.44077784
0.3792466 0.36490867
0.4129451 0.099139415
0.3620615 0.45460352
0.36960813 0.47154233
0.38688546 0.39770502
0.39742365 0.25266165
0.3689247 0.53428745
0.387717 0.4302655
0.37849736 0.394651
0.3893124 0.43496037
0.3614555 0.3603175
0.3831342 0.43569556
0.378253 0.34300837
0.36563703 0.1895948
0.39910832 0.431189
0.37776396 0.43867126
0.3750124 0.40083265
0.3895203 0.3988303
0.38668537 0.25560117
0.38256863 0.38077632
0.35724184 0.43537545
0.39340487 0.16438119
0.40120298 0.4243792
0.40083852 0.3797953
0.38322178 0.42557278
0.3813152 0.4116169
0.38143334 0.47814065
0.37267405 0.31377414
0.3761982 0.45080733
0.38877466 0.4111053
0.3897516 0.31812242
0.36656007 0.2891549
0.37703064 0.4082975
0.36693862 0.46374524
0.39133307 0.66838664
0.40325457 0.39620247
0.381791 0.56123716
0.3840072 0.39696947
0.3640906 0.0997635
0.37615412 0.38300496
0.38664502 0.26410747
0.39019272 0.43574902
0.3744084 0.41810042
0.37739736 0.3956647
0.3784676 0.43656135
0.38769907 0.6472958
0.3982596 0.3954282
0.37614125 0.36017105
0.3760215 0.45611086
0.3777639 0.5636933
0.39057782 0.3339073
0.3740045 0.41828936
0.37122273 0.41150612
0.40037075 0.2335144
0.38240638 0.38941133
0.3732224 0.4250991
0.39825964 0.46142876
0.3875167 0.3794153
0.38001594 0.5023046
0.4113743 0.25515822
0.38647482 0.43830806
0.38681906 0.40554395
0.3877817 0.2128391
0.3811499 0.47747824
0.38080022 0.28874812
0.38124436 0.3713569
0.37231126 0.34250197
0.36042103 0.18601169
0.37677452 0.38158038
0.36616758 0.47274926
0.37419477 0.34721163
0.38095602 0.41967985
0.38322183 0.39999193
0.40596268 0.25182956
0.37153837 0.4566918
0.39611465 0.23739551
0.38754347 0.44836202
0.3910273 0.39522073
0.3849907 0.39913884
0.37776396 0.36922562
0.38524446 0.6813572
0.38791052 0.38906756
0.388409 0.23941825
0.38835028 0.5863118
0.37658027 0.37899992
0.38928953 0.42647043
0.3720694 0.38675237
0.38265294 0.41766423
0.39458963 0.45471647
0.42758498 0.65824395
0.39092577 0.41030663
0.37764174 0.39215818
0.40272516 0.40817815
0.37367567 0.45906752
0.40214673 0.40419355
0.38678762 0.25561592
0.37223184 0.09274651
0.39024788 0.3593954
0.3948608 0.2805533
0.3806269 0.4813075
0.3759397 0.43256164
0.3885983 0.366563
0.3989496 0.40525743
0.3894852 0.43677422
0.38436994 0.24509901
0.38657025 0.37315997
0.3776662 0.6181
0.37412545 0.562956
0.3889974 0.4365064
0.3832218 0.43002275
0.36621097 0.47956634
0.38322183 0.3834818
0.36325368 0.17513454
0.37267032 0.49627674
0.42347103 0.61017835
0.39594647 0.38442528
0.37792695 0.37693682
0.3882823 0.38630787
0.40155017 0.44365042
0.3846461 0.3990465
0.3809885 0.3982695
0.39789572 0.27922562
0.3777102 0.42230114
0.39200124 0.4278514
0.3808664 0.38087583
0.403204 0.3054
0.40057263 0.4265533
0.38541374 0.6288542
0.4182094 0.23939335
0.37216052 0.34761345
0.3711433 0.41402614
0.3870633 0.41405517
0.37722903 0.31873423
0.38870844 0.2835467
0.38698205 0.4255932
0.3624535 0.17523526
0.37496954 0.25928316
0.3951051 0.21515588
0.3764235 0.49277976
0.3792307 0.28944123
0.37825367 0.523129
0.40278417 0.29263633
0.39045045 0.39820498
0.38096192 0.37871283
0.38772616 0.33028972
0.36303702 0.41836187
0.37660483 0.41447037
0.40211025 0.34164202
0.38617814 0.40311363
0.38855883 0.3853353
0.38791415 0.38437143
0.39529318 0.44299257
0.3874054 0.43382892
0.3721113 0.28471553
0.37678626 0.33167762
0.39831427 0.4596432
0.39796427 0.38612348
0.39337143 0.38963142
0.37841466 0.2620735
0.39019778 0.27307028
0.37666535 0.40335086
0.39038798 0.42412975
0.37770125 0.3992228
0.36987543 0.47980678
0.39051104 0.38983557
0.3824539 0.22114274
0.37058476 0.37058
0.39043635 0.37892035
0.38925046 0.28273085
0.38325354 0.4216994
0.401662 0.40356916
0.37708864 0.40081018
0.38212684 0.4340815
0.3878384 0.27463353
0.38226682 0.4340891
0.37916556 0.4021098
0.3756977 0.42161378
0.37251946 0.8390151
0.3580963 0.2946085
0.35820556 0.4248919
0.3867214 0.30046424
0.3648546 0.106427304
0.3792781 0.436012
0.376654 0.277129
0.37669337 0.39607188
0.3765428 0.27602348
0.37849733 0.43349296
0.394531 0.37452558
0.39135596 0.4110815
0.3936257 0.3575456
0.39097288 0.41776863
0.3869532 0.411329
0.3766658 0.4037895
0.44634342 0.4263358
0.37576085 0.48353562
0.37625155 0.25109637
0.39415237 0.79292697
0.36824402 0.47794747
0.36464354 0.47488558
0.36523297 0.4695813
0.38143334 0.42249915
0.3980309 0.43349135
0.37889907 0.415044
0.3642916 0.15649918
0.38133812 0.27053875
0.3962606 0.24876684
0.38007823 0.41887128
0.38378215 0.37857533
0.38401213 0.3050321
0.40249163 0.556639
0.3789864 0.42365837
0.38213068 0.43429047
0.3655427 0.1604284
0.3736417 0.41432562
0.3903222 0.3577577
0.3712227 0.42267138
0.3874499 0.34923974
0.37878776 0.35951295
0.38701424 0.27833542
0.38117144 0.41734856
0.39745903 0.35313228
0.38648957 0.4167585
0.38823685 0.21712932
0.3571662 0.448128
0.3897592 0.335139
0.38073424 0.3119953
0.3852445 0.39074668
0.3995847 0.74856204
0.37498036 0.4373982
0.38525432 0.27520436
0.36904562 0.38268077
0.36419454 0.37539947
0.37318507 0.42861012
0.3874499 0.29505938
0.3840072 0.41142213
0.37545583 0.60234267
0.3890434 0.40987065
0.40548387 0.3153996
0.3908666 0.401541
0.3971326 0.3976535
0.37404564 0.2704381
0.37237242 0.4122588
0.37495866 0.4354699
0.38455155 0.48931703
0.4011647 0.23305596
0.38447842 0.32389873
0.3846438 0.25948328
0.40833348 0.27744374
0.37739733 0.50248873
0.36870363 0.3318445
0.3730675 0.39663234
0.39108345 0.25527745
0.37950572 0.38819817
0.37757054 0.36017838
0.3724322 0.427275
0.38064405 0.441666
0.38805756 0.38155216
0.36424598 0.34368956
0.37336132 0.38562053
0.38479254 0.45246705
0.37874177 0.44847193
0.38256755 0.3907463
0.38375273 0.4717104
0.37952873 0.3226672
0.3951815 0.36607882
0.40211025 0.16818547
0.384835 0.41873747
0.3778461 0.4134687
0.38353443 0.3903807
0.3769046 0.36826295
0.36667565 0.38570407
0.40543625 0.41889206
0.3690457 0.3146425
0.43639776 0.571735
0.39437857 0.39754835
0.36664927 0.15825482
0.37800846 0.3946478
0.4083204 0.21107917
0.39107394 0.37699446
0.36728257 0.46361366
0.40709323 0.40244716
0.3746092 0.42929086
0.37688395 0.34454063
0.37588277 0.43493557
0.36445677 0.46684316
0.38938046 0.3898459
0.357665 0.43065903
0.37424642 0.42284405
0.38069952 0.42379493
0.407692 0.31402794
0.39361468 0.39193797
0.39906123 0.23050024
0.3759155 0.3873428
0.3902224 0.44260642
0.38391653 0.4147034
0.3661012 0.40379316
0.3797277 0.46877322
0.35750872 0.39702624
0.379752 0.43424678
0.3699672 0.42583758
0.4024219 0.36543298
0.3741255 0.3897586
0.3767863 0.39125222
0.37825286 0.40772688
0.39415243 0.41827235
0.37509307 0.39163277
0.37694916 0.40047073
0.3887746 0.38343075
0.3768035 0.47907028
0.39878997 0.4299226
0.39163327 0.40897983
0.39027354 0.3998016
0.38041684 0.4461906
0.37988785 0.36965197
0.3989837 0.40341312
0.38075867 0.3188321
0.37630245 0.4217107
0.3688039 0.42491537
0.51591283 0.45880017
0.3922164 0.28368556
0.37657633 0.38591254
0.40390196 0.4476539
0.40166202 0.40662605
0.39652127 0.57576746
0.39046365 0.30046177
0.3774537 0.30533344
0.3629656 0.2509028
0.38072053 0.42511964
0.39077345 0.41248277
0.3766517 0.49765903
0.3904955 0.3792382
0.37049702 0.40105614
0.3970835 0.42065513
0.36553818 0.42077783
0.37559494 0.39152938
0.36729333 0.47033778
0.39529315 0.46287444
0.3736815 0.30059087
0.36211392 0.35403147
0.37600288 0.59702677
0.37612155 0.38081893
0.3783416 0.2580453
0.38389984 0.287908
0.39190015 0.29764912
0.38237098 0.17458697
0.3900213 0.45336184
0.39008293 0.42972344
0.37989452 0.42617226
0.37336126 0.08389721
0.3677154 0.5643796
0.3916333 0.4361008
0.39972946 0.77454233
0.40211022 0.4169615
0.3664941 0.4407295
0.38440594 0.44551826
0.38740817 0.3755759
0.39022815 0.42100498
0.36785832 0.21335745
0.3696908 0.39128238
0.39811245 0.38834837
0.37352076 0.3585467
0.37800848 0.42205492
0.39380154 0.23480034
0.39235982 0.38129833
0.3792964 0.43437862
0.3892238 0.41038966
0.37438107 0.32610658
0.3765444 0.37914994
0.38025978 0.37914896
0.3628842 0.15042955
0.3929616 0.36638317
0.38427323 0.17636332
0.3893676 0.36190808
0.36780745 0.2064294
0.3898502 0.31290227
0.39449206 0.43582052
0.3902788 0.40434277
0.3726283 0.34823507
0.37170646 0.6417359
0.4105902 0.42681092
0.39253908 0.4302443
0.39356205 0.47801164
0.38729355 0.350753
0.37965003 0.3881349
0.36534727 0.46608397
0.36872283 0.4646312
0.38322178 0.29250115
0.388409 0.42332682
0.375214 0.42787912
0.38945732 0.42516944
0.38086638 0.44797075
0.4236662 0.30856848
0.38969654 0.414304
0.35926488 0.22158566
0.39682308 0.38184428
0.3771773 0.34385115
0.39643645 0.4078546
0.38143334 0.49917492
0.36640278 0.1847414
0.3711001 0.4885589
0.3763025 0.47186494
0.37678632 0.41511694
0.37045172 0.48733774
0.38911122 0.42592442
0.39624277 0.4238654
0.37376258 0.3960034
0.36693057 0.45432776
0.4011808 0.38255215
0.3771121 0.51097476
0.37662035 0.41912782
0.38856706 0.42125475
0.38540196 0.44336405
0.39975533 0.35218346
0.3689389 0.46297273
0.35819992 0.4790686
0.38650963 0.39930624
0.39398685 0.42109182
0.4097616 0.40557176
0.37686762 0.38702616
0.38639 0.2750339
0.3626496 0.16670586
0.3874168 0.46492398
0.3676586 0.46915027
0.3829988 0.43970346
0.4273702 0.45980203
0.40166202 0.26481184
0.36077395 0.15433387
0.3695294 0.4153243
0.37768254 0.4134463
0.37327886 0.9440858
0.38274255 0.2912411
0.39746732 0.43400493
0.37637505 0.36050776
0.3832218 0.6932511
0.36605096 0.3725086
0.39039326 0.3167432
0.39824396 0.39006868
0.3851245 0.40204605
0.36187878 0.42308807
0.37681714 0.4006592
0.39768058 0.39155194
0.3898178 0.31267202
0.37437016 0.35084978
0.3708368 0.46430022
0.3847709 0.4613954
0.38569647 0.36314052
0.3758188 0.37941676
0.39117882 0.40696454
0.39104608 0.37751964
0.3941591 0.38275465
0.3834836 0.4578874
0.36676785 0.38523927
0.38963506 0.47571382
0.38285074 0.4498056
0.39529318 0.41872463
0.3797325 0.39374265
0.37055394 0.25691187
0.37553975 0.43107775
0.37515268 0.41335946
0.3732691 0.34659296
0.3772379 0.20960677
0.3973096 0.3595157
0.38407853 0.37972456
0.3982596 0.3610081
0.37825295 0.37033457
0.3796663 0.20994854
0.40290576 0.45525098
0.38775557 0.44472295
0.36582044 0.3470378
0.38046697 0.36249316
0.37250277 0.47036543
0.37493756 0.39138332
0.39067462 0.39388356
0.37305576 0.4270961
0.4027317 0.4026445
0.39713264 0.33938622
0.3741871 0.36585823
0.38089895 0.3703334
0.3950692 0.17869183
0.36605093 0.48271173
0.39133698 0.41267377
0.41097304 0.2782971
0.37278947 0.42439273
0.3900829 0.61472356
0.38987657 0.44980735
0.38677618 0.30060896
0.386645 0.41221422
0.4039271 0.3943697
0.39350036 0.37956393
0.38157818 0.35602206
0.38353598 0.42315185
0.37306753 0.046826236
0.40809736 0.43030864
0.3767717 0.37274954
0.3839504 0.39701223
0.3778862 0.38698882
0.37509307 0.81971043
0.40244797 0.4301156
0.40235385 0.4247138
0.39908364 0.3777093
0.38322186 0.3924099
0.36348215 0.42642087
0.39092577 0.45217937
0.37452865 0.36037096
0.37185118 0.4520704
0.36552316 0.23520163
0.37792698 0.35774863
0.39910835 0.41962624
0.3864896 0.33382365
0.38571134 0.43420646
0.3724126 0.45989317
0.3749927 0.38402984
0.36735243 0.37209886
0.3742061 0.45638013
0.4082464 0.3946238
0.3590413 0.4532403
0.3767863 0.41121218
0.36415365 0.38730004
0.36273906 0.1742951
0.3982596 0.3905293
0.37892386 0.37956634
0.3832773 0.25337708
0.3900723 0.40295777
0.38761547 0.33950248
0.38824293 0.18195109
0.3765428 0.37891445
0.38769904 0.40034258
0.36644974 0.3273681
0.37420616 0.38141236
0.40952995 0.38086516
0.38633448 0.098171785
0.3800632 0.42551994
0.36723146 0.41990754
0.37400326 0.27976793
0.3756978 0.43450853
0.37950575 0.4200067
0.3631195 0.5009564
0.39706114 0.23909324
0.45951918 0.39892057
0.374787 0.3523747
0.3707542 0.36977524
0.38498417 0.2064797
0.38191304 0.4120474
0.4112909 0.36686638
0.40622368 0.20658028
0.394531 0.4256071
0.38024554 0.40031725
0.37886408 0.41561118
0.37788627 0.69168806
0.38143334 0.42879397
0.38568678 0.29865733
0.3711879 0.4096749
0.3742706 0.37275326
0.39864573 0.42991704
0.39361462 0.40264675
0.37792692 0.40672964
0.3686801 0.46329296
0.40135595 0.35359254
0.3976806 0.40640745
0.36492994 0.3564711
0.40404898 0.31910652
0.38566974 0.37209508
0.37875536 0.42132723
0.37083185 0.40095842
0.3869532 0.37161493
0.41450396 0.23322612
0.37776396 0.41637424
0.3917862 0.38664663
0.38012293 0.46461535
0.3976087 0.41474047
0.38878694 0.36694837
0.39681754 0.41556895
0.37436745 0.34912646
0.38671175 0.42685306
0.4149951 0.22723934
0.39647394 0.47124198
0.36838114 0.4535874
0.38934198 0.3381791
0.40378392 0.42307997
0.38036367 0.41248727
0.39920396 0.38787013
0.40739116 0.30881837
0.3690457 0.4316471
0.40310374 0.43092966
0.37320653 0.1236298
0.3957993 0.31392065
0.39146355 0.2153276
0.37445763 0.22494411
0.39670962 0.44075218
0.38423404 0.21328063
0.40403727 0.3814373
0.40417945 0.41719392
0.38479698 0.39584973
0.3783888 0.44908994
0.38298044 0.3923201
0.36100093 0.14568752
0.39013043 0.3705387
0.39121285 0.35617885
0.39029413 0.066331394
0.36401016 0.34456542
0.40964302 0.3803834
0.3665788 0.4755773
0.3634471 0.19108935
0.3791656 0.41169715
0.37497213 0.5424048
0.38058293 0.4077958
0.39768058 0.41119835
0.37352076 0.4068663
0.36382243 0.33371595
0.38439986 0.70555156
0.3664567 0.38459197
0.37793288 0.38574383
0.36952946 0.36479595
0.45669502 0.39858305
0.37360144 0.42753533
0.38136825 0.38831726
0.3790678 0.39493662
0.37842292 0.41458187
0.3954325 0.40572664
0.38046268 0.3938971
0.376431 0.43948495
0.37678632 0.251702
0.37734482 0.33959347
0.3829067 0.37068567
0.37052894 0.41407266
0.37642354 0.3751214
0.36622685 0.47747907
0.39775696 0.46504647
0.38719168 0.39415354
0.36681744 0.40574917
0.40228018 0.38784447
0.39710268 0.3998147
0.36042103 0.43983072
0.39415243 0.37475613
0.3754559 0.42275286
0.3738836 0.3588182
0.37699828 0.36127773
0.36837694 0.5220962
0.36738804 0.40098175
0.37487465 0.37496203
0.39659494 0.3822248
0.35866165 0.55756295
0.39681754 0.29278344
0.3760268 0.40923372
0.36758527 0.47150746
0.3917093 0.4139426
0.3702236 0.34453124
0.3734489 0.3234112
0.37650737 0.37411085
0.37923074 0.4227901
0.3686467 0.4012772
0.38313422 0.41127235
0.38697964 0.36909217
0.38502404 0.49468836
0.3811768 0.448153
0.3698521 0.33866405
0.36230922 0.16152862
0.368441 0.47204852
0.37758538 0.46801025
0.40166196 0.43190756
0.38225207 0.2866589
0.36776227 0.32072508
0.3850089 0.30663893
0.36843503 0.4547294
0.4049377 0.4189226
0.40233567 0.24807376
0.39570874 0.37795302
0.37965688 0.35567793
0.37606066 0.4257655
0.39513358 0.6818107
0.38171682 0.40707463
0.39092577 0.437894
0.36147666 0.34397954
0.37185112 0.42398205
0.36359438 0.47879356
0.38257673 0.38119763
0.3687228 0.485386
0.39855278 0.41497168
0.3854643 0.4018357
0.37129578 0.37483802
0.36989224 0.37763476
0.38716128 0.39879495
0.3674985 0.48286632
0.36783636 0.8312637
0.39374748 0.39593938
0.37923074 0.28173178
0.36716887 0.17760085
0.3982596 0.4252547
0.37452516 0.36250475
0.37528357 0.32395574
0.36372864 0.17125241
0.377764 0.5297379
0.36940584 0.36835894
0.37167737 0.3589618
0.37243223 0.40820318
0.36956552 0.48557398
0.37195927 0.39549458
0.363799 0.17218076
0.3666303 0.47333723
0.38444716 0.41883364
0.39201584 0.4102254
0.3809346 0.38953754
0.38831112 0.24046701
0.37507668 0.32036203
0.38576302 0.38420212
0.3796666 0.34644228
0.39007238 0.41568953
0.40447265 0.37990072
0.39972946 0.42040023
0.3666972 0.40331775
0.35921428 0.42666766
0.36464345 0.30981195
0.39057776 0.39239997
0.3650594 0.09262509
0.3728937 0.489138
0.3770683 0.070901126
0.38472167 0.09820988
0.37654284 0.5762408
0.3688039 0.3872121
0.36616823 0.48184365
0.38705197 0.4056182
0.38753268 0.43547142
0.37690845 0.5952864
0.3619458 0.12520435
0.35890612 0.17220448
0.3930769 0.90884477
0.3763831 0.29268822
0.3920013 0.30082822
0.38854095 0.43022355
0.37503263 0.41423804
0.3774712 0.42498553
0.35718927 0.42541018
0.3789259 0.3615486
0.36764213 0.46606198
0.37706402 0.4328015
0.37781778 0.44629225
0.37672302 0.3664587
0.36803216 0.54469216
0.3747302 0.4277566
0.3875117 0.24926217
0.37835073 0.35510924
0.38595596 0.37455642
0.37291595 0.4155651
0.390481 0.32202777
0.36904573 0.42429677
0.359225 0.30369872
0.37487462 0.4027927
0.36904576 0.40018913
0.40135598 0.43337962
0.4070883 0.3660385
0.38232931 0.3494421
0.40284678 0.23172832
0.3989968 0.22511987
0.37497213 0.91803837
0.37001953 0.18743242
0.37575454 0.18765223
0.4017681 0.46987298
0.37172082 0.45304045
0.39307684 0.3492762
0.3796619 0.34388858
0.46470025 0.8846254
0.37776217 0.27004004
0.37542942 0.25200543
0.36876974 0.48872298
0.36335328 0.43297917
0.40305904 0.4085034
0.3702552 0.42303407
0.37785444 0.29215166
0.39057776 0.30996078
0.385402 0.23048636
0.36053827 0.37287405
0.3777196 0.40503642
0.40272516 0.39680806
0.3832218 0.40068477
0.40729016 0.35858366
0.38327387 0.33667904
0.3899547 0.39917836
0.3762798 0.30177882
0.39529315 0.71583533
0.40309083 0.40141386
0.39102522 0.45172706
0.37243226 0.3508699
0.37098083 0.88091654
0.37896147 0.40557745
0.39520073 0.21999376
0.37895873 0.39079806
0.37231123 0.40003434
0.37606063 0.57773143
0.372026 0.36750054
0.40146342 0.3320657
0.36169297 0.46090814
0.3831342 0.48690972
0.402925 0.3712139
0.35939792 0.14245082
0.3792307 0.68770283
0.3704699 0.3461092
0.40366337 0.2166208
0.39047495 0.4241107
0.3690404 0.3097031
0.37614128 0.54828894
0.37446412 0.3740943
0.37210685 0.3275812
0.3674526 0.48118538
0.40155014 0.45528582
0.3758478 0.40118968
0.40394357 0.3409379
0.40153417 0.2447274
0.39643645 0.43598196
0.38096577 0.2265996
0.4041962 0.4628834
0.37557682 0.6398091
0.36330992 0.13231443
0.39161292 0.35622466
0.37781706 0.3522961
0.3968915 0.39573357
0.378628 0.72685254
0.39236656 0.41266435
0.3767026 0.40862113
0.37194845 0.4194031
0.3606893 0.15497275
0.39244372 0.4357043
0.37521407 0.5254207
0.40252244 0.44720402
0.38654575 0.32344037
0.3947216 0.41804022
0.36718425 0.38635445
0.35960007 0.1340482
0.40155014 0.38612062
0.37515154 0.4110467
0.37641728 0.39699885
0.39831427 0.46816862
0.386645 0.3874693
0.39896923 0.3397814
0.3798879 0.41557986
0.40166196 0.5132273
0.37593976 0.41932952
0.3991586 0.33439955
0.3692991 0.41463357
0.38810015 0.36856574
0.3775614 0.37373176
0.39897594 0.44244915
0.40383425 0.37212363
0.37017098 0.4418458
0.37411642 0.43575382
0.37529173 0.43488622
0.40370467 0.36479646
0.36473146 0.46988648
0.38200033 0.6752773
0.37678632 0.4474381
0.36904573 0.40208298
0.38805756 0.40120792
0.3902087 0.37603727
0.38737464 0.049186863
0.37458268 0.6656834
0.37854624 0.27896896
0.38811547 0.38497907
0.35950622 0.43008506
0.37857535 0.290388
0.3713298 0.4226065
0.38524446 0.42233276
0.37030706 0.4645478
0.3701342 0.64992034
0.36555812 0.50205404
0.36850658 0.4709255
0.37182748 0.3922433
0.38281053 0.42349544
0.3678064 0.38830686
0.3755423 0.3032841
0.37874183 0.40668225
0.3783591 0.39494094
0.3671066 0.21007735
0.39902696 0.3864014
0.37455857 0.15803885
0.3675087 0.18275246
0.36182857 0.21351774
0.37846243 0.37360045
0.37694913 0.34797898
0.3957505 0.40154144
0.39022374 0.32929662
0.38797328 0.40081188
0.39033097 0.37919238
0.36785832 0.4753251
0.39006534 0.30399433
0.39361465 0.4117726
0.3782529 0.2902095
0.35766506 0.5329957
0.36829054 0.2476792
0.3835905 0.023014644
0.37177667 0.35351467
0.36904567 0.8036228
0.39895865 0.69114614
0.3763025 0.40155882
0.37950572 0.27516088
0.380478 0.33095872
0.38839763 0.32372785
0.38250467 0.43176907
0.4009682 0.43534905
0.39164138 0.34858721
0.38815978 0.41666538
0.40127927 0.43842286
0.37843284 0.39420527
0.36865777 0.29819322
0.37110177 0.37096962
0.37315783 0.3892972
0.36989233 0.42426977
0.40393022 0.62882835
0.37680206 0.5406452
0.37735906 0.47965035
0.4003707 0.43768317
0.3646123 0.25902912
0.39932936 0.40792298
0.36921048 0.39020398
0.36491725 0.39208785
0.3620397 0.17172866
0.38367066 0.3842852
0.37110415 0.27927452
0.368683 0.39971676
0.3962572 0.38213634
0.36160463 0.33188215
0.40314615 0.21140613
0.37863672 0.21403648
0.38982132 0.43767127
0.36718312 0.52681553
0.38142148 0.3968436
0.3673429 0.39745992
0.39140704 0.39674625
0.383499 0.35595667
0.3975299 0.29760394
0.39788345 0.45284638
0.39267415 0.45671183
0.37809378 0.3965615
0.37828204 0.5876259
0.3920013 0.44799557
0.3904955 0.38967288
0.37035152 0.38231003
0.38571134 0.36062118
0.37687114 0.2784555
0.41136155 0.43140453
0.36229846 0.2145593
0.3991281 0.44164357
0.36676732 0.47478333
0.4098527 0.41937444
0.39339644 0.28047425
0.37557983 0.087852076
0.38823682 0.41822797
0.37279508 0.4110588
0.37302402 0.452577
0.36260897 0.1727585
0.3725532 0.7176071
0.35993817 0.398825
0.38383308 0.26183444
0.38439986 0.3832309
0.39032102 0.20563962
0.37045172 0.42370066
0.40879452 0.49042416
0.3849829 0.41603765
0.36785832 0.46334338
0.37515268 0.035990376
0.37694916 0.3758988
0.40292498 0.37456024
0.38596895 0.42000997
0.39937136 0.34188548
0.37017447 0.36818647
0.38915217 0.42763194
0.38104084 0.41182905
0.39307687 0.7111286
0.38565567 0.42675817
0.38826716 0.40288103
0.40345508 0.35942015
0.40166202 0.40848616
0.3700675 0.10395058
0.38118172 0.4262959
0.37734857 0.13153967
0.38382578 0.28796646
0.3594124 0.14391363
0.37030703 0.47557348
0.37965003 0.44344425
0.38139853 0.4014547
0.39451241 0.42600912
0.39787355 0.41726327
0.39910835 0.4364859
0.3768369 0.3378885
0.36209998 0.66019624
0.37569773 0.41766158
0.40615746 0.3686865
0.36934075 0.4494642
0.38617817 0.4030608
0.36877576 0.34322393
0.3715905 0.5012186
0.39092574 0.38282487
0.37590647 0.5558092
0.38312864 0.3429132
0.40114105 0.40877804
0.37276343 0.46196318
0.3976502 0.3929316
0.37579086 0.2524471
0.4002298 0.41464388
0.3820765 0.41035798
0.39746568 0.43207678
0.37049705 0.6875025
0.36566415 0.4727037
0.37170652 0.6416086
0.39740285 0.34957358
0.38131526 0.38711444
0.37861952 0.4247655
0.36626396 0.40223014
0.39024785 0.40308255
0.37079597 0.14934477
0.40594745 0.39130688
0.37477842 0.36767387
0.40417066 0.43524867
0.38835028 0.45142454
0.39841425 0.41972694
0.38169107 0.38974094
0.37339982 0.40793154
0.36803117 0.40768307
0.3907111 0.21989836
0.47107026 0.39861885
0.40096813 0.44234654
0.357137 0.41670832
0.3721254 0.433872
0.37923273 0.36195508
0.3820188 0.3692065
0.36344713 0.16676125
0.3767515 0.32549268
0.39413348 0.45097005
0.3894523 0.37835994
0.38952437 0.2531539
0.38313422 0.38416278
0.39135602 0.4679171
0.40416524 0.24353535
0.39472157 0.4170501
0.41595867 0.25995457
0.38811553 0.4202705
0.3713298 0.4083574
0.36092362 0.32097304
0.36952946 0.3790658
0.3656991 0.45839
0.37466648 0.3901727
0.37100425 0.49105778
0.39897594 0.43747732
0.40135595 0.36036864
0.37554023 0.31760144
0.3974673 0.38942975
0.38313428 0.32068142
0.4479217 0.65646255
0.37808993 0.4171846
0.36216858 0.3764281
0.40235382 0.36246908
0.37578171 0.3304394
0.40021947 0.39093208
0.37336016 0.4286208
0.37584773 0.46582773
0.40467924 0.45681086
0.3668427 0.45380434
0.38742965 0.35264447
0.37606627 0.33123693
0.40721244 0.37007895
0.40403727 0.66142863
0.4056238 0.42663375
0.39620784 0.3741215
0.39681756 0.5346647
0.3951275 0.40357763
0.38826504 0.34795144
0.38366428 0.38221747
0.3579313 0.44193763
0.3732789 0.57698536
0.378628 0.43336847
0.3691026 0.46565634
0.38351035 0.36371645
0.46202514 0.68727875
0.38751295 0.3556008
0.3635483 0.18709016
0.37533495 0.34092382
0.38932806 0.40703225
0.38179103 0.42228466
0.37739733 0.4327518
0.38734058 0.39619136
0.39415237 0.44744468
0.37341502 0.47862393
0.3777595 0.2555193
0.38879618 0.4682796
0.40681496 0.22404446
0.38753268 0.68602055
0.3948359 0.34740117
0.37711728 0.7373104
0.3813152 0.3417934
0.37935293 0.27841505
0.403612 0.40722123
0.39529318 0.2671594
0.38718498 0.37334904
0.36720738 0.3619969
0.39787754 0.39348924
0.3898766 0.70525104
0.38528615 0.36686164
0.37412548 0.4430254
0.37737682 0.16232392
0.4070229 0.4228661
0.37557688 0.4127206
0.39680827 0.36975276
0.3957776 0.37085453
0.38759583 0.44046065
0.38753274 0.4300905
0.37682498 0.2511285
0.3755618 0.43490225
0.36569908 0.09135107
0.36393967 0.15197577
0.403612 0.8181888
0.38659292 0.4287705
0.3628842 0.3814848
0.37684372 0.41756955
0.38314578 0.39157566
0.40273163 0.3793756
0.3823323 0.24308853
0.3789864 0.64525855
0.37891963 0.40196896
0.398976 0.38333482
0.37291595 0.46339592
0.38114992 0.4802683
0.3701059 0.4110359
0.37898633 0.8273235
0.38256726 0.40897262
0.4021696 0.39457718
0.40021947 0.4468432
0.373415 0.41442284
0.35878965 0.41149658
0.37764177 0.35001668
0.40442154 0.41265568
0.36574563 0.15908243
0.39788347 0.3796828
0.4003707 0.27952048
0.37826487 0.36683562
0.3798879 0.426949
0.3700675 0.14637522
0.40559712 0.37026381
0.37492105 0.080344155
0.36840072 0.4081096
0.39274612 0.5316618
0.36565363 0.4632629
0.37776402 0.3645383
0.357274 0.4433227
0.3816481 0.349277
0.40797064 0.36997443
0.39223257 0.39184877
0.39765695 0.29523912
0.3803637 0.39731172
0.3839846 0.28828597
0.38968095 0.45598534
0.37545583 0.39843383
0.39746732 0.41043854
0.36583662 0.46235132
0.3825047 0.4229367
0.36936823 0.3444841
0.38931242 0.36799198
0.37935296 0.40596306
0.3920013 0.2771486
0.3663647 0.3973571
0.37580004 0.40159085
0.37081978 0.35884398
0.37955263 0.25587147
0.37194842 0.3534137
0.3785788 0.36961526
0.37533185 0.4607424
0.37835857 0.4333242
0.38960305 0.30043858
0.37803224 0.36929256
0.37803805 0.3888054
0.39897597 0.4249468
0.39092574 0.5683432
0.38582096 0.31222638
0.3792148 0.06417351
0.37715283 0.4253052
0.42267674 0.6775945
0.36716425 0.4435777
0.40096816 0.43930823
0.3759397 0.32037807
0.39196905 0.3661733
0.3702356 0.4606894
0.37485114 0.36110193
0.38306305 0.292395
0.36306736 0.115801625
0.37026027 0.46242467
0.38479257 0.44924822
0.39461777 0.41526398
0.37898138 0.2584166
0.36829057 0.5086445
0.36952937 0.4028677
0.3760215 0.45602265
0.38226676 0.35874516
0.37617454 0.43429643
0.37666538 0.38639814
0.37767687 0.1965081
0.3939995 0.44390053
0.3728958 0.38308972
0.40738 0.4049025
0.3984181 0.29197726
0.37959784 0.42158088
0.39287135 0.3329986
0.38617817 0.4094966
0.37654284 0.4307044
0.37110114 0.4653276
0.38769907 0.3934694
0.40233567 0.39345518
0.37678856 0.16640408
0.3920013 0.39459163
0.3690749 0.46987954
0.39431128 0.35758635
0.39078817 0.42313665
0.39765027 0.39408576
0.37167737 0.4055986
0.38083944 0.37209204
0.40166196 0.47341067
0.38524446 0.4239025
0.39002797 0.4807724
0.37746564 0.2611392
0.38745436 0.40252203
0.36257365 0.0964163
0.3764073 0.4490814
0.38833654 0.36265364
0.3737627 0.5236338
0.38540205 0.40801623
0.36666682 0.47081313
0.3763025 0.3886914
0.38602254 0.38534966
0.37428963 0.42877355
0.39908588 0.40257046
0.39620784 0.39610234
0.38486078 0.18119104
0.39437857 0.4177491
0.40065393 0.39912546
0.3745826 0.086683646
0.36616823 0.48629764
0.378163 0.38456658
0.3902087 0.41178384
0.39150533 0.27715412
0.38654426 0.41663232
0.3827426 0.39353177
0.3952932 0.3992863
0.39221644 0.39579722
0.37404057 0.38974294
0.39521146 0.21890219
0.36712065 0.29868996
0.3886042 0.39194852
0.36344713 0.18999368
0.3845297 0.4243604
0.3935071 0.45145762
0.3974673 0.11580375
0.38677487 0.42699516
0.370739 0.88435394
0.3773974 0.3901055
0.40728933 0.39916816
0.3704971 0.4027502
0.36966068 0.40057623
0.36921498 0.34715286
0.36868295 0.37188292
0.39519843 0.2106071
0.39746732 0.44772452
0.37339976 0.37628898
0.40751892 0.4350508
0.39765024 0.4231306
0.38105538 0.4249582
0.3874131 0.41642976
0.39643648 0.383329
0.37732473 0.48037755
0.40473032 0.19607657
0.40135598 0.40814233
0.39970332 0.36326578
0.3813152 0.40951863
0.38225216 0.30504802
0.40349337 0.33723196
0.36872283 0.47511393
0.38651296 0.0149303
0.37122276 0.35262257
0.37132987 0.16710202
0.39627677 0.44475824
0.3924437 0.3507308
0.36728248 0.41139677
0.35861763 0.38915524
0.37770298 0.38965616
0.38605985 0.42751548
0.37445763 0.38748732
0.39022884 0.46299186
0.37356105 0.3456153
0.38313416 0.41624779
0.38036367 0.37786716
0.38042167 0.44270128
0.37817565 0.3495756
0.4075985 0.36176705
0.3873408 0.42733416
0.37194845 0.41370043
0.39136782 0.4104449
0.37617302 0.2675303
0.40161428 0.2715706
0.40455496 0.39688897
0.40166196 0.42017335
0.41327742 0.30829245
0.37690845 0.91561365
0.37642345 0.42129856
0.36659476 0.48287877
0.38568577 0.37944055
0.38014117 0.2570736
0.40763387 0.38542336
0.3878806 0.46019003
0.36803916 0.39265558
0.4027317 0.39719066
0.36823082 0.45163742
0.37809 0.6037952
0.3723127 0.42066598
0.39756897 0.35865122
0.38522753 0.41405976
0.38253742 0.42264158
0.40148667 0.3870775
0.3649648 0.45760754
0.3614767 0.41951352
0.37944904 0.41811582
0.38483503 0.4136135
0.36453995 0.47960874
0.39709064 0.40469354
0.3898585 0.3727037
0.40159318 0.45529673
0.39183873 0.33528087
0.37981847 0.4123022
0.39041284 0.45324436
0.3820003 0.4475539
0.37975195 0.41691768
0.40953705 0.21991536
0.3754317 0.41345364
0.35866168 0.4322013
0.40637305 0.3992614
0.38399598 0.38736448
0.37537327 0.3177142
0.38656756 0.49197388
0.36952335 0.3953393
0.37497887 0.69476974
0.38877466 0.45980015
0.36653015 0.3424117
0.37386522 0.21889645
0.40155014 0.62465525
0.37713853 0.34748712
0.36966765 0.42496645
0.39329198 0.45679757
0.3750498 0.34379748
0.39405128 0.32761598
0.3976142 0.42513716
0.37671086 0.4841525
0.40271065 0.41729587
0.398976 0.2598027
0.3767812 0.4129115
0.40474573 0.39904508
0.39391756 0.30816054
0.37471828 0.4530923
0.39350706 0.41215152
0.3671066 0.12818421
0.36984327 0.39548877
0.3930768 0.3923662
0.39765024 0.41766447
0.3795134 0.32960773
0.38439986 0.41130674
0.38436544 0.70101744
0.38618603 0.44271168
0.3736687 0.42704463
0.36847576 0.39873448
0.38179097 0.3795248
0.38179103 0.3978267
0.40361196 0.42876187
0.37388358 0.39960548
0.36590102 0.45896453
0.37349525 0.42017302
0.38478354 0.3957809
0.3837893 0.11000179
0.36077672 0.15182838
0.3810473 0.38129008
0.3885057 0.3292693
0.39024785 0.2964968
0.3724322 0.43180057
0.39057776 0.4106686
0.37575147 0.37988365
0.37784597 0.48866355
0.38751918 0.4220133
0.38133445 0.39570594
0.403612 0.44730765
0.38497314 0.4157033
0.36968848 0.3260827
0.38673997 0.36938274
0.37704122 0.387457
0.38955048 0.39053467
0.39025638 0.44419438
0.3574044 0.47602832
0.36207998 0.41914278
0.37430334 0.30741787
0.37279508 0.3498326
0.37419757 0.29757577
0.39227286 0.43105072
0.37665012 0.2722964
0.38411933 0.41493672
0.39548892 0.30215073
0.37013426 0.70030814
0.385402 0.5096562
0.3811499 0.40679204
0.38622883 0.17167065
0.39768058 0.3996336
0.38311276 0.40971923
0.36906725 0.4297729
0.39135596 0.3363831
0.38125274 0.41389462
0.3866634 0.24732062
0.37505296 0.38656223
0.39394602 0.32666764
0.36735246 0.41469404
0.40447286 0.41889673
0.37404358 0.39061794
0.38114986 0.4918316
0.39020872 0.41159305
0.3945117 0.31619245
0.3905778 0.43340072
0.39746568 0.7820139
