-0.28728104 3.544127
-0.36013246 -0.14053702
-0.9196124 -1.5812557
-0.3663292 -0.41596746
-0.42692876 -0.5917702
-0.3551514 2.9463549
-0.6451433 1.7376981
-0.4375968 -0.3565719
-0.9125426 -0.28851104
-0.41313744 -0.5410528
-0.31381798 -0.055583715
-0.5653877 -0.6651375
-0.3305993 -0.71879244
-0.43119955 -0.26353502
-0.28956246 -0.46812916
-0.8663688 -0.96265197
-0.2338171 1.0287013
-0.85081434 -0.22056746
0.21021771 2.3049135
-0.82625484 -0.23601031
-0.25584006 2.855435
-0.32989 0.67986584
-0.265615 -0.1376481
-0.23510551 -0.16459489
-0.17187715 -1.137824
-0.29854512 -0.39753747
-0.87786865 -1.3866858
-0.37945032 -0.12228894
-0.30644798 -0.5540993
-0.44790268 -0.343781
-0.9086721 -0.48855639
-0.29038954 -0.45695543
-0.7471721 -0.44477177
-0.41744256 -1.0697699
-0.2905798 2.7495723
-0.3530903 -0.62278986
-0.31776953 -1.74351
-0.40824723 -1.7203411
-0.8192661 -0.88126445
-0.44943213 -0.7563343
-0.39459944 -1.118876
-0.46801424 -0.16421604
-0.27862716 -0.6468797
-0.43551922 -0.27307725
-0.28328133 -0.52377415
-0.2868483 -0.7822306
-0.71513295 -0.85682607
-0.35043097 -0.8418801
-0.4089718 -0.22062922
-0.45253444 -0.73990583
-0.37910795 -0.178298
-0.25815272 -0.86392117
-0.47447658 1.7628021
-0.9250026 -0.39839172
-0.3665974 0.6208339
-0.82389593 -2.7927067
-0.2484858 -0.7931769
-0.43141294 0.11492348
-0.21462059 -0.74354696
-0.5674491 -0.36880612
-0.39584422 -0.35629606
-0.808094 -1.5805852
-0.9623754 -0.17280841
-0.3137946 -0.9072566
-0.39795256 -0.11418748
-0.2338171 -0.63012385
-0.34690642 3.707584
-0.27896976 -0.5172696
-0.31822348 -0.43819237
-0.93290186 -1.9251299
-0.95952106 -0.96520805
-0.42971706 -0.40554285
-0.28567696 -0.73091054
-0.4252298 -0.35402107
-0.3093598 0.0697248
-0.19855428 1.4313631
-0.2689395 -0.196177
-0.23900294 -0.9370203
-0.24081492 -0.6703849
-0.26803422 -0.6807959
-0.18488121 -0.5790794
-0.2532482 -0.44622827
-0.2484858 -0.5257573
-0.88880825 -0.45394826
-0.19257855 -0.7518716
-0.31173754 -0.057254314
-0.48423123 2.46484
-0.46107554 -3.1890223
-0.9100721 -0.5393927
-0.2948866 -0.43926144
-0.33756375 -0.6843183
2.5611997 4.15995
-0.39431334 -0.26169586
-0.5273583 0.3351791
-0.40169716 -3.1466985
-0.25599098 -0.10812354
-0.2587695 2.234047
-0.7136345 -1.124002
-0.59482 -1.3313279
-0.501492 -0.23660803
