0.3934088 0.28179103
0.39077225 0.37905294
0.3906124 0.28567845
0.39256403 0.49549618
0.39060256 0.48467925
0.38961756 0.4299263
0.39684823 0.34282792
0.41161802 0.29401597
0.3886278 0.42714864
0.3957711 0.4433227
0.3979726 0.42121547
0.3939306 0.3690117
0.40941337 0.38643417
0.39053026 0.40390867
0.3905032 0.2137535
0.39549643 0.71583533
0.39296013 0.45679757
0.39850268 0.36176705
0.39695796 0.276596
0.39028668 0.07432645
0.38709742 0.3534137
0.38773927 0.4203551
0.38951406 0.39298302
0.39863288 0.47162524
0.3903198 0.32999542
0.3856866 0.4435777
0.38976416 0.42966068
0.39106664 0.43752185
0.3893053 0.39507008
0.39057353 0.1440576
0.38809595 0.67079777
0.39544913 0.42211506
0.3907612 0.22494411
0.39044315 0.4701466
0.39104828 0.4691956
0.3883099 0.6213507
0.38847634 0.42055607
0.39038202 0.4322885
0.3883869 0.34229904
0.39115587 0.21873382
0.3893901 0.43823734
0.38877144 0.3193075
0.38976938 0.24509901
0.39160675 0.05819869
0.41951084 0.28086036
0.38661623 0.4038714
0.39727712 0.44327015
0.38645536 0.38830954
0.3852671 0.3291455
0.3857421 0.55957735
0.38852397 0.33167762
0.38982347 0.41603765
0.38524276 0.410674
0.39185247 0.41248277
0.3877393 0.3897586
0.39078316 0.36941865
0.4119322 0.40147868
0.39039367 0.38777322
0.38905808 0.38786462
0.39249018 0.39459163
0.3912635 0.2969278
0.390622 0.4296495
0.40988594 0.40369138
0.39549646 0.592563
0.39075127 0.5510145
0.3916941 0.5086445
0.38855958 0.7501052
0.389047 0.4038027
0.3745648 0.4221458
0.3914485 0.3303173
0.39267772 0.4252635
0.38966516 0.2829874
0.39061376 0.41689286
0.3886274 0.4157209
0.39875057 0.354255
0.3894314 0.3837468
0.38970083 0.25441477
0.3977922 0.2036032
0.3917287 0.47318575
0.39150205 0.39036432
0.39061093 0.32601804
0.38832417 0.4097704
0.3994805 0.38240916
0.39172077 0.3717885
0.38742384 0.4270961
0.388619 0.37085864
0.39181373 0.4258004
0.39047214 0.37467095
0.3979392 0.4189246
0.3871688 0.37310877
0.39191964 0.29868996
0.39116767 0.429441
0.39829168 0.38612348
0.3922268 0.27715412
0.39886227 0.27001825
0.39085686 0.3960034
0.521704 0.51794744
0.3918843 0.10385225
0.63700044 0.6764414
0.39143163 0.3903365
0.3868834 0.41150612
0.38801077 0.388253
0.38974297 0.37972456
0.39159182 0.3611891
0.39346525 0.15895137
0.39147797 0.05657372
0.39197612 0.31902012
0.39153516 0.48546338
0.3862889 0.43441245
0.3911424 0.2447379
0.40284023 0.4173229
0.40132222 0.45714012
0.38666937 0.40105614
0.38835043 0.45080733
0.38845444 0.3738323
0.3890059 0.6547291
0.3928212 0.33898818
0.39040604 0.3938948
0.39050615 0.38158038
0.3905033 0.5406452
0.39137125 0.45441124
0.40980887 0.5316618
0.38810727 0.3177142
0.38907495 0.31756574
0.39060554 0.44472295
0.3979541 0.36812586
0.3906136 0.3004268
0.39064765 0.33482507
0.38929424 0.3887972
0.38894242 0.42104623
0.39181367 0.43345493
0.394184 0.41159984
0.39138728 0.28233826
0.49864927 0.70280254
0.3885239 0.53560346
0.40631354 0.38562796
0.38866654 0.4001922
0.39581388 0.42798495
0.41077238 0.39680806
0.3890353 0.25778118
0.38831976 0.36756635
0.39282572 0.49084187
0.39135906 0.44774094
0.38562325 0.38810802
0.39081463 0.6631859
0.39035234 0.27486393
0.41027865 0.3712139
0.39031443 0.431809
0.40963402 0.38308597
0.38731125 0.39741495
0.39269304 0.30462146
0.3890945 0.39108425
0.39268413 0.41266435
0.3912131 0.4096749
0.41414392 0.45980203
0.38812053 0.2538346
0.38741836 0.42006665
0.39049926 0.3114043
0.39260527 0.25902912
0.39092278 0.3935611
0.39206767 0.4872393
0.39071596 0.41941974
0.3918843 0.35808656
0.39304984 0.364249
0.38797703 0.6873984
0.38254094 0.43140453
0.39160442 0.46332648
0.40827295 0.3054
0.39076123 0.19105177
0.3882861 0.489401
0.3863476 0.36835894
0.3890392 0.4133041
0.39120087 0.4870056
0.40897515 0.438456
0.38870224 0.42210862
0.3893798 0.28317317
0.40477538 0.4219096
0.3910347 0.42713377
0.38823858 0.42834464
0.3908954 0.47644004
0.3915592 0.47779375
0.3847078 0.3964989
0.39092466 0.3292693
0.39794546 0.40434277
0.38679066 0.25030452
0.386708 0.32247052
0.38794354 0.51691556
0.38745397 0.3753266
0.39205137 0.45502704
0.39243257 0.4897006
0.38769966 0.4432962
0.41083258 0.44018316
0.3880959 0.40719208
0.4072572 0.39010817
0.39356455 0.3763706
0.39147884 0.38769165
0.38915586 0.36486185
0.4119322 0.27865374
0.3892847 0.46228626
0.38701317 0.37457255
0.39122337 0.32488087
0.39706537 0.35736692
0.3870259 0.41598657
0.3858591 0.3876858
0.389505 0.41394016
0.38624194 0.45563528
0.40387252 0.43266642
0.39012554 0.24781649
0.395052 0.38051847
0.3936164 0.18523769
0.38863084 0.39035836
0.38606304 0.66006845
0.3881698 0.28465077
0.39223123 0.41851553
0.39058998 0.28901187
0.39676473 0.4188269
0.39374012 0.6600553
0.4089752 0.4468432
0.39709517 0.41937444
0.39224532 0.26374933
0.38784626 0.39275926
0.37943944 0.4102254
0.39152446 0.35628957
0.39057353 0.46699107
0.4057882 0.32416296
0.39103466 0.4367036
0.3922312 0.19415791
0.40193373 0.38788706
0.38904598 0.290388
0.40111426 0.44244915
0.38986513 0.34855303
0.39097425 0.3408381
0.38529032 0.4257367
0.3974584 0.29999223
0.39204368 0.46609586
0.38869515 0.35379615
0.3949462 0.43677422
0.39061046 0.46079236
0.40809318 0.3996673
0.38829178 0.40517697
0.39167976 0.5220962
0.38766792 0.5198882
0.39176887 0.47248152
0.38989815 0.40297523
0.40415588 0.43181017
0.39723226 0.398684
0.39073962 0.51593155
0.39269298 0.46541506
0.3883916 0.44207525
0.39077908 0.5056703
0.39206302 0.46494365
0.3950688 0.44731125
0.39016286 0.41951412
0.38788202 0.32884067
0.39147538 0.47154233
0.3918094 0.2064797
0.39043745 0.40326732
0.38688335 0.39624456
0.3974584 0.44719118
0.39259675 0.19527909
0.39061922 0.380575
0.38686898 0.58281
0.39798194 0.38003305
0.39077905 0.49352616
0.40930668 0.40878734
0.39375126 0.45375735
0.387454 0.4165548
0.39350697 0.40516394
0.38923714 0.39096987
0.39626083 0.42308295
0.39009526 0.39623985
0.3897365 0.3874877
0.3914012 0.37350085
0.39037463 0.41684115
0.3894272 0.31124598
0.39058918 0.4222273
0.3970999 0.37962827
0.39037463 0.3817835
0.39465058 0.40727615
0.3900064 0.44356167
0.3850373 0.4128268
0.4089782 0.47341067
0.3907899 0.57900536
0.38863727 0.37605718
0.39383528 0.6031046
0.39562154 0.30881837
0.38996732 0.40353477
0.3886309 0.37316138
0.38933524 0.3659782
0.3877615 0.40557176
0.38795328 0.39921167
0.3943482 0.3713234
0.40477538 0.40712208
0.40091145 0.35941413
0.3931488 0.21460567
0.38574213 0.55894405
0.39061132 0.4084666
0.40875474 0.37190452
0.39796007 0.3627209
0.39044794 0.42158848
0.39253905 0.106427304
0.387916 0.38481042
0.39802274 0.39719725
0.3912864 0.35372558
0.39179412 0.35447824
0.4185006 0.69758
0.39366463 0.42647365
0.4741743 0.55037284
0.3938342 0.4839941
0.3908233 0.35009173
0.38905886 0.6653801
0.39176586 0.3575584
0.4074317 0.3582143
0.3962792 0.31371564
0.41024816 0.42210397
0.3877821 0.37275326
0.38713303 0.63360417
0.38880962 0.3766902
0.38880926 0.4219335
0.39153343 0.3708969
0.39055428 0.4708702
0.40548638 0.37529516
0.3918666 0.44494897
0.39028046 0.395228
0.40794554 0.44955862
0.39189866 0.4172683
0.38891616 0.42202774
0.39191893 0.437894
0.38874444 0.37529215
0.39144292 0.48045582
0.38838127 0.36989653
0.38993418 0.40528026
0.38907853 0.3099277
0.39163217 0.4544165
0.39051458 0.39607188
0.38970083 0.36632615
0.3924316 0.44707367
0.38796198 0.5964166
0.3915156 0.4349759
0.3928606 0.4593955
0.38895187 0.4151035
0.39185092 0.37948552
0.39183307 0.14339717
0.39061308 0.40904942
0.39596352 0.40498036
0.4089782 0.4115919
0.39059648 0.3986407
0.39191893 0.6173145
0.38828936 0.58465964
0.3979701 0.48215374
0.39295092 0.40504438
0.38937983 0.42421275
0.39162552 0.3318445
0.39110735 0.15654762
0.4064574 0.4105706
0.3906378 0.41740137
0.3892595 0.4519307
0.39060867 0.4016162
0.40502533 0.37012076
0.38695464 0.44727942
0.39225987 0.3782238
0.39047638 0.27741253
0.39195266 0.41493875
0.3868476 0.3539764
0.38855958 0.5952864
0.39059636 0.3269533
0.4026098 0.3746769
0.39058825 0.41123188
0.3895509 0.38493213
0.39071688 0.16142784
0.40799198 0.40169325
0.38916585 0.7008734
0.3885239 0.3565481
0.38903117 0.3817341
0.38577712 0.39218262
0.39027926 0.5876496
0.39543572 0.25128037
0.3910347 0.43061054
0.3898886 0.41325742
0.3972532 0.43740472
0.3913937 0.19004428
0.39137703 0.16718474
0.38752535 0.41908804
0.38939795 0.30733034
0.410402 0.4125505
0.39087605 0.27729645
0.39077905 0.44980368
0.39845064 0.45528877
0.386384 0.45015955
0.39057353 0.40575644
0.3903949 0.4721881
0.3874245 0.4718249
0.39074132 0.3795676
0.38499027 0.40028638
0.38506454 0.39768794
0.40042898 0.401541
0.39740473 0.41494915
0.39912584 0.42086715
0.38788202 0.42929086
0.38852394 0.41953072
0.39016286 0.3874693
0.38947496 0.43093506
0.3914545 0.47583196
0.39041397 0.42282778
0.40861532 0.4855246
0.39027926 0.6669281
0.3891421 0.40864664
0.38835403 0.39960483
0.39321965 0.4532911
0.40557316 0.4037131
0.3885626 0.37142554
0.37947142 0.3496865
0.38877484 0.2555757
0.39252463 0.4835317
0.39216393 0.47747907
0.39174733 0.38420212
0.3896414 0.4334068
0.39034835 0.38819817
0.39057338 0.4077958
0.38527834 0.40622827
0.3881423 0.3456197
0.39206773 0.4755773
0.38706174 0.3958883
0.38870445 0.40082946
0.38944718 0.40945795
0.39107153 0.32232848
0.404381 0.37629512
0.39828432 0.369989
0.40111426 0.45478064
0.39238515 0.3946013
0.3917941 0.42477596
0.3909228 0.24571796
0.38943332 0.3703334
0.38927287 0.4499796
0.397034 0.36738706
0.39064273 0.5863118
0.38781065 0.40005335
0.38814354 0.44596145
0.3884026 0.36050776
0.3925647 0.4160505
0.39137122 0.4606894
0.41009715 0.40662917
0.38831 0.57773143
0.3925503 0.45593613
0.3919938 0.3941121
0.39058644 0.4387557
0.3917382 0.19964884
0.39300078 0.1737814
0.42622593 0.37496322
0.38920155 0.6018686
0.3872263 0.4097129
0.40967923 0.4393804
0.3898855 0.39945436
0.3905612 0.3790091
0.3940631 0.38989857
0.39227054 0.47799107
0.3915152 0.23493671
0.3887744 0.3062203
0.3880923 0.48602918
0.4075715 0.38139343
0.38862815 0.36783057
0.39148837 0.31222638
0.3874897 0.4209187
0.39275604 0.22147016
0.39793923 0.39361456
0.39746955 0.34525886
0.38559952 0.40441522
0.3930199 0.15087524
0.3880182 0.26185572
0.39501116 0.40599433
0.3904905 0.38894758
0.39094707 0.17899203
0.39111197 0.263517
0.39130673 0.41205543
0.39103943 0.08324473
0.39248776 0.18680176
0.3870974 0.5681509
0.38520715 0.41170755
0.38952413 0.39771965
0.3937401 0.79292697
0.39047614 0.44860932
0.38902822 0.3908177
0.41121867 0.42954573
0.40048155 0.3892695
0.38916585 0.8762723
0.4078113 0.2335144
0.3862414 0.38268077
0.39077398 0.31086865
0.39104822 0.50350684
0.3883669 0.40851215
0.39073965 0.4608368
0.39039427 0.43471855
0.38869515 0.38261548
0.394775 0.37798467
0.39054605 0.048013087
0.39106825 0.40882778
0.39111337 0.3360961
0.38941553 0.6670013
0.39109936 0.22114274
0.3894512 0.79331887
0.3886309 0.40540886
0.39062527 0.47863525
0.38929424 0.34125608
0.39078322 0.4225726
0.39035568 0.39527366
0.39362895 0.26677027
0.38848063 0.603274
0.38649097 0.37763476
0.39136294 0.292395
0.39184606 0.28659287
0.3918127 0.43143654
0.39162138 0.44357634
0.39254946 0.45671335
0.38947496 0.54291034
0.40295678 0.4049025
0.39536747 0.21890219
0.3981136 0.4186355
0.38620588 0.42425594
0.39166334 0.20435597
0.39040393 0.38248646
0.4069889 0.41197112
0.39406303 0.4177491
0.3893972 0.4190681
0.39300457 0.23013905
0.3897365 0.41694072
0.39044362 0.16232392
0.3869547 0.36330402
0.3891793 0.25769985
0.38865307 0.31873423
0.38864273 0.36524454
0.3915653 0.34208626
0.40938744 0.21905442
0.3881316 0.41603184
0.39119178 0.36527902
0.40687573 0.26717284
0.3979601 0.45212138
0.391737 0.54469216
0.39007744 0.42374748
0.39121553 0.4085636
0.39063847 0.057434615
0.3906158 0.43617916
0.39119518 0.3564218
0.38590017 0.4050704
0.39249012 0.43146533
0.4074317 0.7305256
0.39036784 0.42342272
0.39150146 0.40633237
0.38668886 0.36536527
0.3921543 0.35965633
0.3875721 0.4065928
0.3917659 0.21335745
0.39752415 0.41151902
0.38825372 0.57098943
0.38848838 0.4037895
0.40370888 0.35591727
0.38577268 0.4162939
0.39139372 0.43569556
0.3980227 0.49862266
0.38869345 0.44140053
0.38864514 0.41512918
0.4092038 0.42790923
0.38759658 0.36268428
0.39082292 0.47944057
0.3923563 0.46113765
0.39163968 0.39093092
0.3910961 0.44023237
0.3882029 0.3777756
0.39106733 0.17364949
0.3904761 0.4837855
0.38852394 0.3806045
0.41083258 0.46616444
0.3879431 0.30269042
0.38617012 0.42491537
0.3904441 0.39828572
0.38846314 0.37899992
0.3906248 0.40307203
0.3905946 0.3794153
0.39253908 0.3181727
0.3929555 0.4470638
0.37926114 0.33924967
0.39097652 0.43487927
0.39371705 0.15396395
0.3891422 0.3834938
0.38921937 0.51687324
0.39390227 0.36419585
0.38780358 0.42057118
0.3906385 0.45990002
0.39308307 0.48345664
0.39095762 0.09427601
0.39309353 0.14855036
0.38769892 0.42704326
0.3978861 0.3179112
0.39802274 0.39566523
0.40484074 0.35369167
0.3934626 0.09952251
0.38734707 0.41715863
0.3918165 0.14682887
0.39169538 0.16106991
0.39087933 0.3888178
0.39169943 0.41354996
0.38661438 0.40352592
0.3890752 0.7171809
0.3903958 0.49178174
0.3904726 0.40270194
0.39176205 0.4334576
0.39040652 0.3603857
0.39027044 0.473776
0.39182737 0.18275246
0.3980645 0.45336184
0.39077908 0.41196615
0.39049417 0.38677728
0.40583548 0.4443005
0.386812 0.41767377
0.38954288 0.39180744
0.39315602 0.5761526
0.39282602 0.44475603
0.39306667 0.42781693
0.39317393 0.46180594
0.39057907 0.34593058
0.39215666 0.46825823
0.39667383 0.36020416
0.38685957 0.3901128
0.38795328 0.5993757
0.38870224 0.40577003
0.3921153 0.36541748
0.38992128 0.3626579
0.39260063 0.484048
0.3903339 0.03608988
0.38894024 0.29428655
0.38716048 0.33106565
0.3852785 0.39821848
0.39647576 0.3799695
0.39979216 0.4186362
0.39362743 0.14745033
0.39384732 0.4924208
0.39249012 0.4208485
0.38947496 0.3417934
0.38833746 0.38300496
0.3906494 0.28389555
0.39273337 0.43262595
0.39216396 0.48032504
0.39052173 0.39297834
0.39283445 0.38080484
0.38861507 0.26961192
0.38438323 0.77006537
0.3898223 0.4055952
0.39217994 0.48184365
0.38763228 0.3617512
0.39284688 0.17125241
0.38904694 0.36214495
0.39176586 0.49244618
0.38691905 0.3934452
0.39128342 0.123365596
0.38511023 0.3153996
0.39235094 0.1604284
0.39029586 0.3625466
0.3888093 0.42833316
0.39167616 0.46622914
0.40830892 0.3972687
0.39832467 0.44676808
0.38773933 0.38111842
0.38933182 0.4294297
0.39551467 0.40933532
0.39405635 0.44348437
0.39138803 0.40376627
0.39002487 0.36247244
0.39179903 0.46915027
0.39808244 0.39460143
0.47750905 0.7234115
0.3920437 0.46388847
0.39155057 0.45806277
0.39226013 0.2467982
0.38030186 0.8311645
0.39319637 0.16149464
0.39183596 0.31282288
0.38560888 0.44240952
0.39882722 0.4007518
0.3954965 0.5435331
0.39321533 0.3728533
0.39346835 0.3603175
0.39111087 0.3559352
0.38652673 0.38771838
0.39232305 0.44998103
0.52709854 0.71949273
0.39059532 0.7189192
0.39185074 0.4042419
0.3886328 0.3842275
0.38804838 0.33243385
0.3912468 0.24618644
0.38937983 0.42515397
0.38851044 0.38026065
0.39117572 0.17902869
0.3898435 0.8917818
0.38659996 0.3936048
0.38948056 0.4263419
0.3894208 0.43748468
0.40939164 0.19686311
0.38557565 0.3848783
0.39459464 0.40476018
0.39091134 0.345155
0.4094416 0.37451386
0.39137635 0.2839136
0.41142973 0.4225347
0.38966513 0.3804467
0.38913023 0.43850407
0.38827422 0.38594294
0.39152163 0.4718038
0.39921683 0.40371698
0.38947493 0.3780424
0.39250055 0.4626055
0.38935134 0.39060095
0.39165822 0.4709255
0.39636314 0.31392065
0.39099655 0.40799412
0.40871096 0.43344805
0.39303908 0.32664824
0.4277552 0.53598267
0.40111426 0.4323235
0.3905573 0.46492437
0.40932474 0.43987867
0.38837588 0.25436762
0.39870033 0.42583722
0.38884488 0.60188174
0.3909111 0.3692065
0.3886309 0.38479117
0.39188066 0.4032982
0.39811358 0.26107073
0.40673664 0.3686865
0.3940631 0.3423597
0.38841692 0.49277976
0.39117786 0.46225843
0.39602333 0.4088891
0.38766795 0.6830064
0.38763413 0.49688
0.38816723 0.4127206
0.39274794 0.0997635
0.38977212 0.4113678
0.3960838 0.3887997
0.40196106 0.2608768
0.40736446 0.39388278
0.38876382 0.253083
0.3875838 0.40183064
0.38823855 0.39690837
0.3889068 0.32482255
0.39075133 0.49917492
0.3896257 0.31464422
0.3991258 0.3371234
0.38627714 0.38230804
0.38841212 0.4490814
0.39144298 0.4804753
0.38570648 0.41990754
0.39302626 0.45555228
0.3871006 0.39549458
0.40809318 0.4026549
0.39146665 0.40057623
0.39063087 0.46453354
0.3965467 0.21912804
0.38866177 0.34272403
0.40154576 0.24436846
0.38852248 0.24983446
0.389066 0.34861818
0.39249012 0.2771486
0.38931015 0.34644228
0.39656237 0.4048972
0.39105824 0.24488778
0.39028764 0.28620106
0.39073113 0.27053875
0.38841823 0.44056877
0.3882244 0.5800683
0.39341974 0.37739113
0.39040396 0.342384
0.41193217 0.405009
0.41017267 0.40598077
0.39059928 0.51484907
0.39273253 0.25648934
0.39177507 0.40422884
0.39061928 0.44963887
0.39091232 0.4286208
0.38923723 0.43029106
0.3869903 0.35068262
0.39016286 0.30295676
0.38582397 0.30556378
0.38932782 0.36824882
0.40142745 0.21140613
0.4102482 0.44136515
0.38686773 0.40631947
0.38981652 0.4062127
0.39792907 0.39475766
0.3878571 0.36250475
0.40947562 0.46622595
0.3938445 0.38187465
0.39605805 0.44774094
0.38955083 0.2603218
0.38257512 0.16858946
0.40941334 0.39215192
0.39348102 0.44685835
0.39439797 0.5032007
0.3916491 0.43867674
0.38887265 0.20838693
0.38852403 0.42359254
0.38853383 0.25424314
0.39064273 0.20551509
0.4011143 0.4215419
0.4095273 0.41751057
0.38922164 0.46782747
0.3909018 0.4708831
0.3887116 0.5042182
0.39143163 0.44622764
0.39060912 0.44214192
0.39049047 0.15575229
0.39132804 0.37905574
0.40175316 0.43330646
0.39249012 0.404516
0.3931176 0.14670749
0.39228526 0.2593157
0.39024812 0.29436323
0.39194745 0.4636943
0.39045843 0.41217825
0.38907078 0.40125245
0.38613445 0.39971676
0.39181373 0.26619774
0.3855495 0.4234012
0.3905945 0.39556268
0.39222267 0.20284769
0.39191893 0.41030663
0.3897371 0.4365064
0.39290985 0.3923662
0.39189935 0.46468902
0.38659805 0.42303407
0.38964143 0.2445565
0.38916442 0.2584166
0.39159927 0.47964442
0.39342302 0.3828052
0.3894274 0.4040641
0.38937977 0.37129298
0.38952252 0.56123716
0.3914121 0.47585905
0.3908187 0.096964404
0.39590988 0.30359298
0.3978515 0.4330332
0.3863729 0.39434397
0.38899946 0.4136504
0.38769463 0.42005253
0.392522 0.39208785
0.3913353 0.42370066
0.39073667 0.39421883
0.38891298 0.4183826
0.39290982 0.5405129
0.3905852 0.194944
0.4058682 0.39129364
0.3917659 0.46334338
0.39867035 0.26609275
0.39249012 0.3920069
0.39058998 0.47229055
0.39640704 0.43812323
0.39494622 0.4075264
0.38781068 0.5490202
0.3895938 0.42128125
0.39423206 0.4322013
0.38796312 0.280079
0.38527852 0.4207444
0.39541227 0.34981114
0.3910343 0.39596665
0.38624144 0.40018913
0.39151078 0.48681217
0.39943054 0.46875113
0.39654064 0.47116968
0.3908022 0.16141261
0.4098089 0.433485
0.38775322 0.40972137
0.39049542 0.27906337
0.39257374 0.23361178
0.38617 0.3872121
0.38632175 0.33688402
0.3942321 0.3123641
0.38714582 0.3244208
0.391328 0.4060279
0.3906038 0.4302655
0.39133164 0.38091466
0.3930008 0.30790338
0.38888314 0.45837206
0.39805403 0.44902518
0.38980776 0.3886163
0.39459464 0.38818973
0.3903756 0.36929256
0.38931268 0.4166422
0.39217994 0.41249496
0.40061787 0.38152567
0.39757487 0.26781872
0.38918963 0.42193556
0.3911271 0.36442092
0.38823083 0.43282062
0.38960102 0.38119763
0.38787416 0.6656834
0.38927755 0.38499707
0.39037463 0.39439678
0.3889519 0.4226228
0.40939164 0.39186868
0.39059174 0.36235425
0.38842884 0.3095384
0.39738727 0.34328493
0.39309925 0.39453232
0.39206132 0.3870399
0.39065418 0.39302668
0.38057902 0.2985885
0.38813162 0.4401272
0.38943693 0.41508755
0.39162013 0.42151085
0.38771018 0.42093188
0.39250264 0.46888885
0.39191896 0.42711812
0.38984343 0.4001969
0.39149246 0.38023072
0.39058644 0.28174084
0.3979701 0.4543512
0.38584915 0.38818163
0.38905963 0.47807014
0.39250058 0.15211703
0.40957558 0.35546783
0.40585473 0.45426673
0.39090315 0.19007504
0.39405838 0.3776615
0.3885952 0.42116612
0.390605 0.35734135
0.39053455 0.40651253
0.3933855 0.22453839
0.39549646 0.3960098
0.38977215 0.41721508
0.39164072 0.46297705
0.39137962 0.34447774
0.38955107 0.41250008
0.38887796 0.37334394
0.39061686 0.4134664
0.39165294 0.4563801
0.40842643 0.39241624
0.38922247 0.3812512
0.3893799 0.3658588
0.39808246 0.40044633
0.391768 0.4318865
0.39320603 0.15934703
0.3953658 0.39450833
0.39110085 0.3732323
0.39037463 0.44177622
0.3942941 0.40964425
0.39033046 0.43656135
0.38909456 0.43395877
0.39155057 0.47312772
0.39072534 0.13746908
0.38970083 0.42165557
0.39779514 0.3397814
0.38980782 0.397264
0.39723235 0.4397524
0.39223984 0.46167386
0.38911375 0.3865084
0.39614818 0.4345859
0.3898435 0.83508575
0.38895193 0.37033457
0.39076126 0.20050044
0.39104825 0.3669879
0.38845262 0.4220426
0.38595608 0.38373888
0.39043525 0.33137605
0.3970386 0.45238674
0.38854125 0.39428708
0.4073179 0.3977536
0.39084336 0.39051697
0.39078808 0.28629643
0.39156497 0.35567153
0.38937983 0.42779297
0.39044797 0.659632
0.38927284 0.42290238
0.3903413 0.42241964
0.38835278 0.5005357
0.40645736 0.41115394
0.3897808 0.63096154
0.39254007 0.23795184
0.38659814 0.54802877
0.3907597 0.39726818
0.39049727 0.3970518
0.39291903 0.32291323
0.38886634 0.38239273
0.3918376 0.49778777
0.39062834 0.42217562
0.3891659 0.6995227
0.39594352 0.4377071
0.38817114 0.36582902
0.38984346 0.5590247
0.38970083 0.423744
0.3904761 0.37579173
0.39272326 0.3518517
0.39191896 0.3419557
0.39044362 0.3730419
0.39749134 0.34188548
0.39032435 0.35669726
0.39265203 0.24063815
0.38929424 0.30794027
0.3910543 0.41678065
0.38877356 0.42649662
0.38876167 0.29037163
0.3918666 0.41873747
0.39244196 0.22048275
0.38634843 0.41217068
0.39429185 0.43583947
0.4020475 0.47507226
0.39044905 0.48037755
0.39326575 0.42257217
0.3903746 0.5434315
0.38841698 0.5268293
0.39078808 0.20579682
0.39062196 0.38497907
0.3895938 0.42910478
0.39057532 0.47371128
0.38641965 0.55235344
0.39112 0.26109505
0.3949462 0.40646616
0.3886665 0.35673776
0.4087449 0.4229619
0.4007826 0.43726325
0.3890945 0.40392268
0.38381788 0.25526804
0.39155057 0.4656707
0.40387252 0.428486
0.38706174 0.34140012
0.39313427 0.25731787
0.39197546 0.15038303
0.3871599 0.42455867
0.39304978 0.31173208
0.38966516 0.4043674
0.38733 0.41402927
0.39246836 0.24028127
0.3916491 0.41934383
0.40715435 0.20001265
0.41193217 0.42876187
0.39016283 0.40062398
0.383959 0.5693376
0.39240438 0.47752246
0.40950927 0.4640035
0.50632226 0.5528742
0.39124563 0.39964998
0.38863087 0.41967353
0.39357862 0.40466684
0.3910527 0.33241585
0.4089782 0.27110344
0.3894471 0.35412782
0.38781062 0.42782375
0.39046553 0.42445412
0.41098684 0.23172832
0.39065567 0.38533375
0.38773927 0.4430254
0.40915397 0.38590166
0.40809318 0.39058682
0.38966516 0.3969993
0.39279023 0.4210056
0.3887379 0.42916712
0.39116403 0.33074424
0.38940862 0.40559366
0.39264214 0.40891814
0.3894234 0.37892896
0.3960846 0.46971786
0.39635444 0.17210703
0.38631275 0.39524296
0.3899762 0.43283436
0.40111426 0.32406968
0.38816726 0.4409789
0.39058438 0.38774452
0.41098687 0.34525937
0.3888741 0.40773273
0.39142638 0.42253953
0.38979343 0.23597121
0.39172345 0.4332397
0.38824752 0.37669846
0.3897603 0.44357756
0.3901628 0.4311409
0.39192206 0.4453959
0.39331815 0.49639317
0.3919234 0.1578101
0.39649877 0.37278873
0.3974879 0.4468546
0.38880643 0.30829245
0.38412532 0.4175765
0.39018008 0.4822965
0.3899308 0.35591927
0.3879818 0.3687307
0.39103466 0.66755116
0.39030644 0.16874786
0.39226845 0.34389365
0.3862414 0.42429677
0.38720432 0.3054309
0.38716877 0.3990716
0.3910118 0.39651844
0.39431953 0.3937978
0.38966516 0.39956725
0.38985464 0.39812022
0.40809324 0.40381747
0.39067456 0.42471808
0.39140704 0.41363475
0.3905852 0.3074242
0.38891622 0.3700189
0.38933232 0.36965197
0.3903819 0.20994854
0.39137438 0.2457372
0.38688347 0.42267138
0.38966516 0.42086253
0.40936235 0.4033757
0.3830025 0.42934126
0.40010226 0.5218195
0.38966516 0.3834818
0.3903329 0.38468263
0.3983492 0.4046572
0.39074126 0.40554246
0.41084477 0.37157372
0.38752377 0.27597028
0.3872657 0.8390151
0.38834307 0.2675303
0.39678308 0.27100205
0.38993078 0.30758733
0.3889825 0.41091016
0.39095944 0.40412524
0.39119178 0.03122728
0.39592317 0.39739388
0.3918376 0.46021366
0.3903532 0.3226672
0.39469483 0.35887125
0.3913855 0.27243048
0.38901302 0.37360045
0.39139375 0.46477845
0.38852403 0.38278317
0.40380916 0.65583634
0.39119145 0.4201295
0.39046776 0.42876914
0.393131 0.3675726
0.38809592 0.4082565
0.392396 0.47376508
0.39538452 0.24458663
0.39178178 0.32072508
0.3858848 0.8312637
0.42556205 0.41146663
0.39058432 0.350753
0.40757146 0.4554823
0.39166686 0.19886592
0.38826826 0.31326193
0.39898866 0.41814294
0.38904694 0.56150293
0.39805105 0.41894484
0.37903354 0.3188525
0.38046828 0.3573075
0.39180028 0.30091035
0.3886666 0.4388327
0.3918843 0.21561813
0.38952252 0.3726027
0.3916947 0.57112324
0.39046592 0.33025563
0.39197707 0.46224356
0.39781138 0.3286037
0.3895795 0.40295115
0.40915802 0.43607926
0.39053026 0.2966261
0.38931885 0.44950154
0.39191893 0.7621768
0.3879626 0.3729116
0.3980227 0.38981837
0.38850164 0.4841525
0.39807287 0.37788683
0.39035705 0.21967886
0.3885239 0.40734676
0.39311177 0.33129647
0.3906112 0.38030225
0.3882029 0.6296143
0.3917616 0.28828597
0.38830993 0.36654493
0.39156494 0.3640259
0.3899308 0.3754573
0.3927642 0.37546152
0.39162138 0.41159305
0.38902822 0.39838067
0.39093626 0.4016891
0.39181694 0.41120377
0.38855955 0.3931052
0.38859525 0.35459512
0.38885692 0.35305935
0.5482147 0.68727875
0.39023417 0.41423145
0.39016524 0.30350518
0.38936004 0.3891695
0.38695464 0.36729458
0.39242658 0.23646942
0.3906797 0.41719392
0.39912584 0.41766447
0.38898754 0.37238798
0.386919 0.43354133
0.38870224 0.38616624
0.3940631 0.42452142
0.39104828 0.38358095
0.38656232 0.70030814
0.39226007 0.4556573
0.39160815 0.4002414
0.3929405 0.22475478
0.38926294 0.22668988
0.3870617 0.3755044
0.39129046 0.20585671
0.3891959 0.35619673
0.3854212 0.40223014
0.4011143 0.4249468
0.39137116 0.46761248
0.39031133 0.31734154
0.3988209 0.3980558
0.38688335 0.45043907
0.38916585 0.85453665
0.3915263 0.44746232
0.4089752 0.43043333
0.3891183 0.4399774
0.392212 0.3725086
0.3914493 0.30600652
0.39164907 0.5096562
0.39082035 0.42288008
0.3909718 0.411292
0.39688107 0.4107565
0.387102 0.2782971
0.39436036 0.40637618
0.38643163 0.53555006
0.3880129 0.37528706
0.38602498 0.37715793
0.39804283 0.43788877
0.38796365 0.2935067
0.39275554 0.4049266
0.39192727 0.45094985
0.39308792 0.44066313
0.3869903 0.41397652
0.3997161 0.40332305
0.39912584 0.7989925
0.39099064 0.10810748
0.38888058 0.78784114
0.41053733 0.18669876
0.39320993 0.17046845
0.388203 0.65514284
0.3911713 0.115886495
0.41133004 0.36186266
0.39047474 0.44841793
0.38676447 0.37542337
0.38948557 0.3968436
0.39089373 0.42017302
0.41155183 0.43286166
0.38251814 0.23305596
0.39549646 0.41872463
0.38666934 0.6875025
0.39073843 0.4476303
0.3968033 0.49525654
0.39098492 0.4220903
0.39073035 0.39570594
0.38714954 0.433872
0.3881387 0.42346337
0.3884763 0.39024717
0.39361185 0.16498841
0.38502872 0.40318793
0.39091563 0.39666328
0.38598022 0.40956149
0.4050304 0.40873045
0.392247 0.48206538
0.39027926 0.4021098
0.39073107 0.45765874
0.3978136 0.37892035
0.38977215 0.43367678
0.39796007 0.3748864
0.39194393 0.44551826
0.3895582 0.42160937
0.3910779 0.46377358
0.389689 0.42256168
0.39095485 0.4893863
0.39046466 0.5905403
0.388191 0.38705704
0.39616105 0.27446204
0.38970083 0.42472795
0.39186025 0.4801551
0.4139121 0.7759608
0.3905946 0.42848563
0.39221656 0.15091754
0.39863768 0.3997898
0.39099655 0.24716593
0.38858542 0.42526364
0.38962337 0.43476647
0.39175788 0.41932595
0.3942346 0.32149705
0.39673495 0.4035095
0.3908689 0.4683812
0.40387627 0.4206652
0.38624138 0.38390338
0.39836386 0.32913432
0.39065439 0.46915814
0.39797014 0.4245336
0.39301425 0.3718319
0.39320603 0.1575388
0.39135933 0.47511896
0.391679 0.40848675
0.39187554 0.4511422
0.39394036 0.4071495
0.38683483 0.52063113
0.387454 0.356396
0.39792913 0.44623795
0.38940856 0.27144584
0.38951796 0.35934737
0.3918197 0.45727202
0.3895582 0.43084714
0.39088783 0.46304518
0.39243647 0.08020976
0.39237234 0.17573066
0.39282122 0.43569303
0.3898817 0.34905395
0.38781467 0.32610658
0.39037463 0.42257273
0.4094416 0.38182727
0.39211512 0.40923616
0.39193776 0.43543726
0.38720426 0.46041888
0.38857144 0.34526107
0.39249015 0.4182133
0.3894512 0.39627257
0.39033654 0.44955286
0.3893799 0.3006069
0.3911918 0.30461645
0.4045466 0.44404963
0.39031374 0.43456107
0.3941038 0.14544943
0.39229974 0.35465863
0.39128044 0.40733397
0.38929424 0.43121353
0.3867671 0.35047197
0.38929948 0.37172657
0.390605 0.3119953
0.3989903 0.35920534
0.39119175 0.48897552
0.4089782 0.33825094
0.40698892 0.42731342
0.38840523 0.35824952
0.39191893 0.3906836
0.39071724 0.07115194
0.39114395 0.3589618
0.38967168 0.667363
0.3883135 0.31560093
0.40855142 0.39718
0.39246872 0.18350823
0.40715435 0.42142636
0.3926805 0.4285919
0.3915083 0.32414034
0.38830373 0.41893542
0.38918963 0.39929482
0.39098236 0.2986733
0.3884838 0.2722964
0.3919189 0.6075538
0.38881776 0.41115558
0.3880662 0.4114328
0.390833 0.44975016
0.3916885 0.45662925
0.39267328 0.36791605
0.38834414 0.3722421
0.39835685 0.34935072
0.3856333 0.4082522
0.3924316 0.42369092
0.3911918 0.48947924
0.39738896 0.3479628
0.39549643 0.44299257
0.39140707 0.44561052
0.39060572 0.37488785
0.40715435 0.5045443
0.39912584 0.42096636
0.40715435 0.39115432
0.39055857 0.3483501
0.40701967 0.35444897
0.4015058 0.399714
0.39811358 0.4107301
0.3912397 0.086012356
0.38884488 0.5712029
0.38912305 0.404058
0.39036018 0.4088201
0.39310047 0.14686623
0.39389348 0.12160935
0.3898435 0.38372484
0.3979726 0.33318642
0.4116622 0.43524867
0.40698892 0.42785895
0.38906863 0.25592545
0.39191893 0.41002786
0.3881316 0.44679564
0.3923859 0.46805072
0.38688335 0.35262257
0.40601683 0.35901576
0.3899099 0.35125715
0.38647923 0.37994337
0.39045495 0.46847558
0.41040203 0.42198014
0.3896651 0.43052605
0.40809318 0.2748842
0.38884497 0.69168806
0.39020786 0.37346214
0.39302763 0.115801625
0.38977215 0.41130674
0.38809595 0.5180441
0.3903137 0.33398747
0.3914747 0.32532695
0.3916375 0.25322148
0.39135906 0.52540666
0.39307773 0.14762603
0.39088026 0.27584663
0.38941157 0.3353734
0.4083089 0.48088986
0.38853493 0.6357362
0.3917567 0.27755967
0.38484386 0.35412914
0.6691816 0.52747667
0.40046856 0.42557022
0.39224398 0.46388945
0.3899553 0.26246712
0.5338466 0.5612562
0.40941337 0.34779018
0.39835736 0.3750036
0.39792913 0.3339073
0.38862765 0.4643811
0.39088404 0.38866466
0.4149021 0.30856848
0.39163902 0.4618339
0.390622 0.29725638
0.3884425 0.4048589
0.39243647 0.2163819
0.40920377 0.4052606
0.39192864 0.45275915
0.38948348 0.49714348
0.3898449 0.3948559
0.3895638 0.4273923
0.38985536 0.35650226
0.39216393 0.4899086
0.3894554 0.22599593
0.3970763 0.39303288
0.3909357 0.25523695
0.3955148 0.47602832
0.3957802 0.40736026
0.39175186 0.35186902
0.39487636 0.42742622
0.3925064 0.4694703
0.39187467 0.3083235
0.3775588 0.3958524
0.3875729 0.53902966
0.4064574 0.40043288
0.39090893 0.41838276
0.38765553 0.44215044
0.3977049 0.43737257
0.5460282 0.6815708
0.39172658 0.37358326
0.39582956 0.30215073
0.4032559 0.35016623
0.40809315 0.40044653
0.3973553 0.41793332
0.3913353 0.4713648
0.39280337 0.33491728
0.38980776 0.36790124
0.39063257 0.5540461
0.4019611 0.36634597
0.38842878 0.41676345
0.39920798 0.4112628
0.40167853 0.39560866
0.39108536 0.25191846
0.41705796 0.38436767
0.40940785 0.4356611
0.39228734 0.42384028
0.4078228 0.2417228
0.39338142 0.30352145
0.38688335 0.41417494
0.39004424 0.64747864
0.39249015 0.42454523
0.38755384 0.38608077
0.3910347 0.4438451
0.38911453 0.30908033
0.3894936 0.36579195
0.39272052 0.13621952
0.38795328 0.38539323
0.38880935 0.42941993
0.38962957 0.24629658
0.39191893 0.37967658
0.3927785 0.16522574
0.38724002 0.35135204
0.39147678 0.3436481
0.38804838 0.38743132
0.38870224 0.8543737
0.38799503 0.38402984
0.39268056 0.37812755
0.39143094 0.47343108
0.39066726 0.47075647
0.4074317 0.4008039
0.38859892 0.38428795
0.39112705 0.089232095
0.3897365 0.41142213
0.39173985 0.5853215
0.39070046 0.35834658
0.3941555 0.43313378
0.38815 0.39608744
0.39062282 0.3653085
0.38752532 0.38948187
0.39019287 0.42822197
0.389211 0.4189962
0.39804035 0.3668261
0.4021981 0.4375321
0.38800082 0.36139488
0.3895051 0.35417488
0.3865743 0.48577204
0.38879982 0.36235532
0.38460088 0.42642087
0.39162233 0.48539275
0.39469376 0.44197991
0.39165738 0.115696624
0.38976094 0.39936626
0.3926576 0.3780255
0.38916585 0.4454464
0.3903746 0.44019952
0.3927419 0.31674275
0.3916146 0.48872298
0.3912815 0.46191674
0.40032494 0.636489
0.38965458 0.40971923
0.3937222 0.15376544
0.4730018 0.71778053
0.3923082 0.32574645
0.3880246 0.8861191
0.38913015 0.5215799
0.3952815 0.39053467
0.39269292 0.3925175
0.38916585 0.41964924
0.39342305 0.42183083
0.39169475 0.40114567
0.38852394 0.7927994
0.3879176 0.4277566
0.4093127 0.38213634
0.3979879 0.42742866
0.39257273 0.4660757
0.386812 0.34668028
0.3879176 0.4172024
0.38984883 0.39741218
0.5548271 0.40918514
0.38813156 0.42275286
0.39122763 0.46955156
0.39045495 0.47339043
0.3972991 0.19660284
0.39089006 0.49654803
0.40946242 0.42161852
0.3878391 0.3740943
0.3885983 0.387457
0.39300078 0.16993944
0.38799137 0.4373982
0.39187768 0.3345348
0.38911492 0.38957006
0.39051053 0.4736422
0.39042202 0.4132953
0.39816803 0.4127425
0.38987848 0.43610737
0.39536375 0.44104087
0.40537077 0.36909682
0.39232057 0.35643956
0.39049926 0.41062894
0.39047614 0.27916813
0.38638398 0.4028677
0.39649156 0.4296756
0.39848462 0.39110652
0.39035028 0.26795784
0.39835078 0.41059312
0.3863841 0.3686107
0.39121404 0.43210462
0.39000642 0.43989095
0.41166195 0.20053576
0.3910183 0.40080377
0.39224353 0.4758483
0.39390764 0.32108104
0.39148244 0.48557398
0.38869032 0.4151688
0.39017442 0.25560117
0.38574225 0.37209886
0.39237592 0.41983086
0.39698306 0.39793292
0.39536044 0.3776749
0.3890945 0.39444315
0.38880923 0.38434538
0.39314044 0.19004281
0.39362273 0.4198967
0.3938487 0.25848213
0.38914895 0.36793923
0.38756093 0.4068663
0.38681206 0.4231153
0.39228258 0.3212714
0.39399418 0.43894786
0.39912584 0.41099367
0.39587018 0.353796
0.40809837 0.38562766
0.38837278 0.3161678
0.39299536 0.17780435
0.3908091 0.04861559
0.39213663 0.13727061
0.38780186 0.34920794
0.39067903 0.45151988
0.39857197 0.42768788
0.3881316 0.411943
0.38980782 0.3200116
0.38620576 0.9776194
0.38770366 0.41828936
0.39058432 0.45611086
0.39345175 0.35903895
0.3913937 0.42497066
0.39549646 0.2671594
0.39204845 0.15825482
0.39735892 0.24559969
0.39567137 0.35115668
0.39689118 0.5769162
0.38909099 0.30215433
0.39907762 0.3791725
0.40373778 0.43989423
0.3892713 0.24463923
0.38422045 0.41947678
0.39096275 0.12011176
0.38945112 0.4726988
0.39206773 0.47152817
0.38785824 0.4274531
0.39796963 0.33452997
0.39156958 0.3097031
0.3905142 0.33300045
0.38795328 0.41215655
0.3875967 0.39604458
0.40766647 0.3845439
0.39098275 0.4637836
0.40930665 0.20776688
0.39079887 0.37251025
0.3945011 0.1338039
0.39084324 0.3663602
0.65893614 0.45880017
0.39332375 0.353245
0.3996797 0.36667386
0.38949955 0.6001038
0.3906562 0.36308077
0.4094272 0.37958014
0.3910121 0.30504802
0.3904083 0.4996729
0.3885596 0.44413465
0.39781365 0.24717386
0.3916491 0.48003474
0.38691896 0.32427058
0.3917938 0.4029763
0.3891675 0.3839895
0.3894278 0.39467433
0.3877631 0.3397624
0.39327914 0.4225788
0.39035392 0.39854854
0.38893628 0.44689682
0.38773933 0.40360764
0.38795334 0.39034432
0.38884485 0.5461223
0.3917434 0.32700247
0.39867714 0.41089877
0.39037704 0.24801789
0.3952351 0.40357763
0.40185615 0.22296531
0.3863841 0.3790658
0.39268053 0.45649973
0.3912141 0.28660774
0.39282763 0.17218076
0.39735702 0.45517102
0.39308795 0.38411865
0.3851357 0.42392424
0.4031682 0.40121573
0.38872764 0.38915238
0.39199373 0.41388983
0.40000924 0.39929515
0.39572185 0.3727037
0.387347 0.43936506
0.39191896 0.2788913
0.39247826 0.45219335
0.3907495 0.2389695
0.3918698 0.47792268
0.39753786 0.29435098
0.39051417 0.46813732
0.39033824 0.33680362
0.38969442 0.3494095
0.3872043 0.4096622
0.38858095 0.34704667
0.3895431 0.7076838
0.3925281 0.056539804
0.39079395 0.39950085
0.3897365 0.44091552
0.4098859 0.38224557
0.40036955 0.3397989
0.38968894 0.4578874
0.40830895 0.3491491
0.39734742 0.27493662
0.3881816 0.6223363
0.3906218 0.41758028
0.39058998 0.46492398
0.39268053 0.3454807
0.39029297 0.22404446
0.39544913 0.43136382
0.40939957 0.29088178
0.39216828 0.47956634
0.39067456 0.41335946
0.4089782 0.44575676
0.39077905 0.39885804
0.38684765 0.3949649
0.38954625 0.45507845
0.3968023 0.27786013
0.388723 0.38205898
0.39912584 0.4231306
0.40715432 0.46142876
0.3916491 0.43234372
0.39500162 0.5329957
0.39059532 0.4300905
0.3905166 0.3897722
0.3885236 0.56188726
0.3942941 0.37452558
0.39101306 0.34823507
0.39057568 0.45681742
0.39063257 0.32508448
0.39273065 0.38730004
0.4064928 0.36645886
0.38954034 0.30189928
0.39805445 0.24068287
0.39016283 0.4518747
0.38996306 0.43466792
0.38730428 0.3628175
0.39095256 0.11064745
0.39333424 0.41131285
0.39549646 0.3923285
0.3917862 0.39534324
0.3909031 0.6752773
0.39177614 0.27443764
0.39029148 0.3717908
0.3930364 0.38778353
0.3890808 0.37805706
0.3896505 0.41895774
0.3989887 0.3687024
0.39189938 0.46483094
0.3934088 0.4640588
0.38922057 0.3772538
0.38735506 0.4589399
0.38946113 0.448153
0.39037463 0.39879495
0.39549643 0.42646
0.38989982 0.2894659
0.38895184 0.40517417
0.3890589 0.40831524
0.3873231 0.30084175
0.38935757 0.39916816
0.38804835 0.35972917
0.3897793 0.32389873
0.40862244 0.21880014
0.40948024 0.38682568
0.38647667 0.39548877
0.40036064 0.49417305
0.38798895 0.8462142
0.40740302 0.4104358
0.39802274 0.40466318
0.39163318 0.29819322
0.38933215 0.22520205
0.38731405 0.32678297
0.3888568 0.35595033
0.3885239 0.3924858
0.39058405 0.36990488
0.40734962 0.4114093
0.39806822 0.27922562
0.3869863 0.3628185
0.39683095 0.2606885
0.41017267 0.38886365
0.3885022 0.5344612
0.3870022 0.38801822
0.38905886 0.42394185
0.3870762 0.39318848
0.38914207 0.40251076
0.39297032 0.36830267
0.3894028 0.26177025
0.38958833 0.44184563
0.39911613 0.3809609
0.39210936 0.35143262
0.38880917 0.39540085
0.3885278 0.39168265
0.39096913 0.47965255
0.3908689 0.45524305
0.3918137 0.10644361
0.4080932 0.6983395
0.39065257 0.37871283
0.39088425 0.35609424
0.39679167 0.38551036
0.3854567 0.4181856
0.3911057 0.29073417
0.38684765 0.37096962
0.3914556 0.25337708
0.38791767 0.7444133
0.39213312 0.59875214
0.3916044 0.46587047
0.3890985 0.42132723
0.3894391 0.41967985
0.3905953 0.4252966
0.39303926 0.15062912
0.40155968 0.29971534
0.3874897 0.44918683
0.3979291 0.3139919
0.39221197 0.11512542
0.39093617 0.31683183
0.39079714 0.47102594
0.3896176 0.39353177
0.38739622 0.40263125
0.39287254 0.34716386
0.3917335 0.419558
0.38734493 0.63983256
0.3886736 0.47227642
0.39122042 0.3998763
0.39042202 0.5744224
0.39181426 0.35667634
0.4206382 0.39735392
0.39333248 0.40311173
0.39125428 0.4660356
0.3908931 0.09838675
0.3979548 0.41568658
0.38935134 0.49122268
0.39139375 0.38416278
0.389551 0.36440754
0.39290985 0.6848737
0.3885239 0.40197113
0.38966516 0.37968388
0.38957003 0.381555
0.39861467 0.42738518
0.38724008 0.4169949
0.39269298 0.31653282
0.40967917 0.40807962
0.38827428 0.43851668
0.38798895 0.41901076
0.38970593 0.41021487
0.38856438 0.39219603
0.39239675 0.37780207
0.38853288 0.4006592
0.39149353 0.4399428
0.3920044 0.276764
0.39549646 0.3992863
0.39054576 0.38661715
0.39115593 0.45750237
0.38922986 0.32601157
0.38738263 0.33933103
0.40952733 0.8617575
0.39147678 0.34175202
0.3893133 0.38682055
0.40930665 0.4384728
0.38850528 0.4397367
0.37334725 0.19607657
0.3909432 0.067291796
0.38827428 0.43256164
0.39374012 0.3992782
0.38570973 0.439046
0.390381 0.34388858
0.39103034 0.4582209
0.38923714 0.51702857
0.38975933 0.4071383
0.3883622 0.48817146
0.38957635 0.40350285
0.3844939 0.5009564
0.38716874 0.37372157
0.39061245 0.18473536
0.38834554 0.40841573
0.3910347 0.57041645
0.38734707 0.39774328
0.39805496 0.37659603
0.40920377 0.3822324
0.3889518 0.40772688
0.3885239 0.4756381
0.38925865 0.235883
0.38884488 0.28401345
0.40166658 0.2166208
0.38816723 0.40691063
0.3979291 0.43340072
0.39178097 0.376789
0.3895807 0.29022384
0.39798298 0.413241
0.38709733 0.34298593
0.38003898 0.19936435
0.39054748 0.28747013
0.38929066 0.5144886
0.3919402 0.3902074
0.3909228 0.4288086
0.38732365 0.36602947
0.38738266 0.9500644
0.39039576 0.23709306
0.39570117 0.44251907
0.39183754 0.4603039
0.387061 0.39616665
0.387413 0.3921397
0.39028278 0.3615486
0.3901262 0.4327019
0.40824664 0.44319627
0.3964757 0.40899605
0.41155186 0.4392501
0.39053023 0.4121869
0.39220133 0.35091642
0.38602754 0.38596028
0.3927757 0.40158826
0.38890448 0.29743293
0.38895187 0.6681342
0.3898274 0.37285542
0.388927 0.28442168
0.38563377 0.2306704
0.383312 0.4319504
0.38886628 0.38715884
0.3897365 0.4296547
0.38731125 0.5100284
0.40950927 0.24404308
0.3897127 0.41633767
0.3907612 0.6300599
0.39706534 0.33192968
0.40813383 0.34275115
0.3963544 0.335139
0.39901182 0.42602196
0.39135143 0.46136037
0.38932952 0.41586748
0.39227054 0.46021983
0.39178932 0.3216779
0.4102482 0.21169442
0.40545532 0.644405
0.39047566 0.070901126
0.38713816 0.4131169
0.38974664 0.41493672
0.40670338 0.45671183
0.38688332 0.33213907
0.39172074 0.40866566
0.39150757 0.60184973
0.3979601 0.4198424
0.39798194 0.3593954
0.39116308 0.4566918
0.40245444 0.36973298
0.39542237 0.42051014
0.39057356 0.207042
0.3870925 0.37620395
0.39264604 0.47932574
0.39040872 0.22518393
0.39048693 0.2060368
0.39076126 0.15112108
0.38982984 0.40505624
0.39307046 0.4007549
0.38633648 0.41692975
0.40115842 0.42425525
0.40915158 0.21422578
0.3903108 0.36340144
0.39549643 0.68939245
0.39457285 0.31267202
0.38873765 0.42554706
0.3980227 0.42716303
0.38862416 0.42387933
0.3921769 0.4794985
0.3903137 0.015429096
0.38684946 0.36251128
0.3877928 0.42757466
0.38007748 0.369563
0.40741917 0.42010176
0.3918843 0.4256197
0.38624147 0.4316471
0.38798898 0.3777051
0.40950927 0.42788887
0.3895357 0.4279646
0.39294508 0.42760196
0.38945022 0.21992673
0.3922601 0.4582985
0.39098927 0.42269123
0.39140707 0.18838635
0.39593783 0.42541018
0.40830895 0.4361008
0.3905906 0.3813035
0.3893442 0.6823381
0.388638 0.4659352
0.3928469 0.09331114
0.3882238 0.40330702
0.4068758 0.32027686
0.39162233 0.4055065
0.38950142 0.2746646
0.3922045 0.8575303
0.38658872 0.34453124
0.39106616 0.47200555
0.4069889 0.384732
0.3881558 0.43013433
0.39164037 0.45701006
0.3889519 0.43431544
0.40809318 0.3380395
0.40952453 0.35304412
0.39844114 0.4243056
0.38927284 0.27841505
0.38709742 0.37296376
0.39448902 0.43871927
0.38763234 0.38518882
0.38918963 0.3948611
0.39052668 0.043199506
0.39060238 0.38985503
0.38905892 0.41611746
0.3898082 0.39584973
0.39615595 0.4329477
0.38850528 0.3664587
0.38797048 0.4147034
0.41057196 0.23585585
0.40809318 0.39630583
0.39435828 0.4790686
0.39132807 0.3653659
0.4080932 0.44765306
0.38827428 0.36545503
0.3974454 0.37612858
0.3934353 0.25933772
0.38975072 0.39473557
0.38984987 0.41737533
0.40042207 0.4189226
0.41007224 0.578704
0.391502 0.21087676
0.39176816 0.37982562
0.3916989 0.4024632
0.39123574 0.3680545
0.3905062 0.42095903
0.39102572 0.44703922
0.38840985 0.39400005
0.39079612 0.37366924
0.39050856 0.32549268
0.39914092 0.45768827
0.4080983 0.4320256
0.40930665 0.47124198
0.39078936 0.26538897
0.3873113 0.90032136
0.39109603 0.30455613
0.38909456 0.30079073
0.3871866 0.5340775
0.38878068 0.4003224
0.39046708 0.38440844
0.39805463 0.38736266
0.3905854 0.39107415
0.39434156 0.36190808
0.39068264 0.3909085
0.3881565 0.31760144
0.39396656 0.36657968
0.39144537 0.4216994
0.38927284 0.92592776
0.40977296 0.42197624
0.39549646 0.40651512
0.3896295 0.397334
0.39140055 0.3840261
0.39176592 0.46269354
0.39082754 0.024661707
0.39233905 0.43302774
0.39073327 0.42393345
0.38859978 0.27613148
0.39145187 0.1735142
0.3909562 0.17035167
0.3935078 0.37687436
0.39162338 0.2726668
0.39224532 0.36763355
0.38945112 0.8444792
0.39647567 0.3694046
0.38946095 0.37740618
0.38781062 0.44143414
0.3915361 0.36314052
0.3914747 0.41128695
0.3931112 0.15035065
0.3860631 0.37369537
0.40897822 0.23544812
0.39172998 0.46157414
0.3894075 0.40641314
0.38721207 0.38794285
0.39029568 0.35690522
0.38930655 0.39186677
0.38880926 0.44099247
0.39322954 0.34630534
0.3890554 0.26353458
0.39349934 0.37831354
0.39595193 0.43685195
0.38838115 0.36110416
0.3890474 0.40560293
0.390458 0.19301511
0.38766798 0.33624828
0.3907182 0.39055544
0.4095273 0.44648167
0.3895012 0.35602206
0.39374015 0.41827235
0.39111575 0.38727438
0.38983533 0.325358
0.3898078 0.42823848
0.38695472 0.4238247
0.4027669 0.31033215
0.38908985 0.36126098
0.3894749 0.41505563
0.38734695 0.4116631
0.391903 0.42595848
0.39191893 0.8530328
0.40477538 0.45440388
0.38888112 0.43169636
0.39229688 0.45487183
0.386491 0.42429402
0.39110354 0.4629331
0.38850987 0.45017964
0.39044312 0.36435327
0.3888449 0.34095484
0.4102482 0.4315706
0.39252254 0.46971387
0.39777145 0.35885742
0.3910715 0.39400017
0.53099936 0.5178269
0.38980782 0.3307304
0.3994366 0.25515822
0.3931335 0.35777587
0.38879874 0.37669805
0.39249054 0.3860984
0.39133525 0.48733774
0.3887141 0.39530566
0.39695355 0.35288882
0.38959754 0.33795366
0.38643166 0.39128238
0.38858578 0.36127773
0.39047608 0.42025545
0.39045805 0.4005569
0.38823852 0.3713074
0.3876324 0.6900261
0.39374077 0.13505273
0.38638404 0.36479595
0.3875253 0.40438804
0.3909944 0.45768178
0.39218578 0.25741255
0.38794038 0.57317376
0.391981 0.3553179
0.3864792 0.33866405
0.3895602 0.4168066
0.39060822 0.23498033
0.39160445 0.45857653
0.39535424 0.27956337
0.39236704 0.40798405
0.39125466 0.44173056
0.39068046 0.48054165
0.38638416 0.62387395
0.39170077 0.11028762
0.38822773 0.3304394
0.39051417 0.2648338
0.39276928 0.20008396
0.39198366 0.44111153
0.40757152 0.2938125
0.3892729 0.89577395
0.3909228 0.5836368
0.3888552 0.33945292
0.39217994 0.20918033
0.39099082 0.4088776
0.39912587 0.31443334
0.3918231 0.60361594
0.39647573 0.40495777
0.39197534 0.48931703
0.40509024 0.4094535
0.38880923 0.8320695
0.39301148 0.3821017
0.39621818 0.44262964
0.39247653 0.45769033
0.39627916 0.39382008
0.38875413 0.48450154
0.38781068 0.5166139
0.3910483 0.2607176
0.3898084 0.33402523
0.39074808 0.18364851
0.39057353 0.33842582
0.3891509 0.37745646
0.3877393 0.562956
0.4094162 0.83416677
0.38880923 0.5297379
0.40897822 0.41723934
0.39120212 0.23326938
0.39394033 0.39132243
0.38930067 0.37817392
0.38827428 0.42142108
0.3989887 0.39855677
0.38945118 0.39718238
0.3900701 0.20482205
0.38868114 0.3949406
0.40947565 0.36655694
0.39123565 0.3782562
0.39634907 0.42198262
0.3922199 0.38239235
0.3940631 0.39754835
0.38964292 0.38660017
0.38603723 0.39979804
0.37704933 0.27907133
0.38972545 0.45309946
0.39807284 0.39130473
0.40698892 0.35359254
0.39844114 0.43338504
0.3893799 0.3600375
0.39139366 0.47335288
0.38759664 0.5462679
0.40055892 0.36080885
0.38855374 0.33761585
0.40224543 0.36505133
0.3990426 0.3964054
0.4074317 0.6402683
0.387457 0.31402794
0.39032045 0.036282096
0.3908569 0.104916476
0.39197153 0.47092143
0.38884488 0.5622714
0.3914173 0.096866004
0.39108413 0.50231344
0.39469308 0.4319905
0.39080533 0.349277
0.38734713 0.43052158
0.3904769 0.39826488
0.386919 0.3890386
0.39243162 0.3828121
0.3928618 0.3329986
0.3890945 0.44847193
0.38727573 0.7176071
0.39142027 0.46313822
0.39171344 0.5600668
0.38802367 0.25493333
0.4056327 0.40419355
0.38438448 0.39478758
0.39655045 0.22801329
0.39034295 0.33580756
0.41024816 0.3533719
0.4119322 0.44582167
0.3912547 0.43496037
0.387284 0.39595154
0.3890445 0.36060944
0.39057788 0.41574293
0.3883337 0.36017105
0.4034508 0.40257046
0.39270476 0.4897631
0.3917659 0.40507415
0.39192596 0.3741563
0.3894274 0.44534364
0.37811112 0.22005305
0.39004615 0.44271168
0.39402562 0.4067819
0.39117563 0.36854866
0.389018 0.43746984
0.39053026 0.47321835
0.39183924 0.42551574
0.38829145 0.40118113
0.4029722 0.4235105
0.3910347 0.23948401
0.38624153 0.4954164
0.39052328 0.4208863
0.38338032 0.2737723
0.38613448 0.37188292
0.3897222 0.38879383
0.38848314 0.41197675
0.39082626 0.39868844
0.39121708 0.37743923
0.38948807 0.36480355
0.40402976 0.3091959
0.40843758 0.42404383
0.3936592 0.15725759
0.39435676 0.4248919
0.39162317 0.4670417
0.39147884 0.14970222
0.3905397 0.44270128
0.39194596 0.4841929
0.38781062 0.3721881
0.3907273 0.38847595
0.3859203 0.40744108
0.39155823 0.3549973
0.3892134 0.43900487
0.389551 0.34993312
0.39220455 0.7124579
0.39063254 0.46932366
0.3937401 0.3717053
0.39092407 0.44184208
0.39706537 0.41131258
0.39181384 0.34179476
0.38691905 0.35679525
0.38712505 0.35772306
0.38781175 0.38320708
0.40920377 0.44720036
0.39169472 0.56784284
0.39666384 0.45070747
0.39308304 0.20137726
0.3980427 0.35325626
0.40938744 0.43842286
0.3877749 0.5756602
0.39283332 0.33893767
0.39809564 0.3912946
0.39848992 0.34634495
0.38958654 0.39940342
0.4102482 0.43764237
0.40957382 0.39073184
0.39902723 0.39132673
0.39104828 0.4496158
0.39165825 0.47942373
0.39176777 0.7563391
0.3912277 0.4604032
0.39209238 0.27744374
0.39802274 0.48874122
0.39811358 0.13708311
0.39062196 0.55429757
0.3918127 0.34732175
0.4094756 0.42867747
0.39416525 0.17220448
0.392732 0.21666797
0.3911918 0.43056473
0.39024588 0.35617885
0.41121867 0.398615
0.38933882 0.39215404
0.39068446 0.48427925
0.3875253 0.37628898
0.4078688 0.45570967
0.3916491 0.3662253
0.39154944 0.43167675
0.38743022 0.47229326
0.39900148 0.39640808
0.38962963 0.38580516
0.38774726 0.39835072
0.3897365 0.38823336
0.38841918 0.4107784
0.38723764 0.4468363
0.39302957 0.46118703
0.38502872 0.40635678
0.387989 0.5424048
0.3910347 0.38707322
0.38860777 0.36107448
0.38819808 0.37653792
0.4089366 0.36378294
0.39063257 0.60879713
0.3912708 0.116695926
0.38930854 0.3822953
0.39677092 0.3118614
0.3918666 0.64800906
0.3971255 0.4238654
0.39081377 0.4018707
0.38638404 0.36606142
0.38946542 0.3886794
0.38879076 0.41866276
0.3944678 0.40590298
0.392157 0.46504647
0.39130637 0.3462082
0.39389214 0.45692566
0.39148524 0.18218964
0.39020094 0.40016243
0.40938362 0.36318076
0.39174154 0.4014178
0.40715435 0.39724815
0.39172995 0.46125922
0.38885966 0.42723426
0.40846932 0.43551782
0.39284688 0.38672045
0.3906024 0.3382542
0.40830895 0.40897983
0.40743163 0.26456648
0.39169562 0.44367185
0.38870233 0.42399755
0.39129838 0.23693733
0.390422 0.4763049
0.3923082 0.5029174
0.39112002 0.31724054
0.39066553 0.462965
0.39068177 0.3966119
0.38963637 0.40939716
0.39063847 0.4067565
0.39802268 0.27123752
0.3907717 0.19664082
0.38985536 0.39464554
0.38977215 0.41250932
0.39309812 0.35392046
0.38938046 0.40903908
0.3852072 0.5666714
0.41084483 0.40313286
0.39166337 0.39873448
0.38767537 0.406693
0.3907278 0.4402328
0.39375234 0.13546596
0.38905776 0.25998414
0.39177355 0.3050321
0.39180684 0.47075617
0.41106722 0.3891926
0.38713294 0.5540672
0.38724002 0.41449428
0.3866219 0.37854716
0.38924858 0.3423024
0.39438796 0.47607833
0.4096792 0.3507308
0.38824603 0.4325204
0.3890945 0.63606006
0.39277574 0.42643425
0.39104822 0.39374936
0.38818857 0.32711712
0.3892251 0.41943172
0.39802268 0.47414336
0.39193916 0.3990465
0.39257824 0.3707211
0.39115667 0.47006515
0.38839602 0.27126384
0.38368115 0.39512637
0.39226004 0.4590447
0.4268658 0.64014435
0.3978441 0.39006868
0.41139016 0.3943697
0.3915285 0.3984317
0.3979578 0.36642405
0.3906385 0.41266137
0.39066634 0.42723238
0.3892372 0.38746685
0.3945203 0.41115496
0.38779172 0.30741787
0.3906074 0.40159085
0.3858065 0.3881025
0.39051417 0.65619546
0.39086884 0.45906752
0.38838133 0.47186494
0.38875216 0.35330763
0.39126354 0.4655442
0.3944783 0.43662614
0.39091936 0.408102
0.38823858 0.34841913
0.39079887 0.33169633
0.38852394 0.39125222
0.39982203 0.43489933
0.39051905 0.26411697
0.38942257 0.39160597
0.39333424 0.12521027
0.3897365 0.37804985
0.390422 0.41401216
0.39290985 0.36552438
0.39067623 0.18708496
0.40871093 0.4301156
0.3918864 0.3957809
0.39467302 0.42363468
0.38893998 0.44670156
0.4092038 0.38965175
0.38743886 0.40269896
0.44797343 0.61715513
0.40346745 0.4419709
0.39053026 0.4307044
0.39045802 0.48600504
0.39036423 0.32345164
0.4102482 0.41539755
0.39171204 0.4733528
0.4017332 0.45450416
0.398388 0.33286986
0.3903164 0.27545705
0.39077905 0.50395256
0.38970253 0.6719816
0.39103463 0.4111053
0.39067906 0.24668929
0.38981375 0.36928
0.38841143 0.3934046
0.39120993 0.30026263
0.39808244 0.40565944
0.39191893 0.5683432
0.38861898 0.51097476
0.38820288 0.37956795
0.39609 0.44100797
0.39150813 0.0926169
0.39077905 0.37161493
0.3903498 0.39953697
0.40208545 0.41722813
0.38707623 0.32462192
0.38918963 0.39540726
0.39243054 0.35480076
0.38789618 0.43603697
0.39050487 0.4230216
0.38756093 0.4214831
0.39333424 0.12666172
0.3895938 0.41755486
0.37479076 0.40185606
0.38713303 0.38675237
0.39183983 0.43110117
0.4093916 0.41674063
0.39815393 0.25906852
0.4089782 0.37147108
0.39156267 0.30399433
0.38769618 0.32986248
0.39141187 0.414304
0.38624135 0.4091969
0.38731125 0.54001254
0.38716188 0.547931
0.3903304 0.42076197
0.38917828 0.51382715
0.40944156 0.3986544
0.39364916 0.13168246
0.3894222 0.36097574
0.39047608 0.3408098
0.38898042 0.35510924
0.38795325 0.4008856
0.392826 0.43775746
0.38977215 0.70555156
0.39090315 0.4079987
0.3880008 0.42150488
0.3890232 0.5516365
0.39032114 0.31530097
0.3910347 0.5108882
0.3864411 0.39511096
0.3923687 0.41459194
0.3895499 0.38818702
0.39077902 0.3819234
0.38624147 0.8036228
0.3932673 0.14715405
0.38910767 0.74022204
0.39251927 0.25527745
0.38984254 0.36342174
0.3939403 0.3957137
0.38905886 0.5652245
0.39215672 0.47474787
0.39028093 0.0020304208
0.39027932 0.44218284
0.38834563 0.39420518
0.40023023 0.35121715
0.38909456 0.36227927
0.3968033 0.26871216
0.38857144 0.37826335
0.38915163 0.41678536
0.39062735 0.4844926
0.38958088 0.24188928
0.39686295 0.35611817
0.38756093 0.40752763
0.3940012 0.1773414
0.39045802 0.4831974
0.39401016 0.45231676
0.3910667 0.41132954
0.38284478 0.34677505
0.3882558 0.41757405
0.38855955 0.91561365
0.3874838 0.68257344
0.39073828 0.3386617
0.3900442 0.5788321
0.39269927 0.45850235
0.3898078 0.7112346
0.38841945 0.38855457
0.40645736 0.4386508
0.39063022 0.087852076
0.3932154 0.38968307
0.38829374 0.3720669
0.4107825 0.47625852
0.39644107 0.43557596
0.38564697 0.37515762
0.38722375 0.41028222
0.3921474 0.4679171
0.39208212 0.3932944
0.39385584 0.39603204
0.39374012 0.26726228
0.3876757 0.41040608
0.4064302 0.36584985
0.3892983 0.4067859
0.41155183 0.38707778
0.3882327 0.24933535
0.3924383 0.45166117
0.40799585 0.4628834
0.39058468 0.39078838
0.3911692 0.035078358
0.39789093 0.45754296
0.40930668 0.40672377
0.39808246 0.40817177
0.38959387 0.43176907
0.3888741 0.40760002
0.3888568 0.39174634
0.39058992 0.28646258
0.3906077 0.39771345
0.38707188 0.65145177
0.3897388 0.27360758
0.40387663 0.34178045
0.39104828 0.17714733
0.38923714 0.40506235
0.38801983 0.32036203
0.3913353 0.45864716
0.38891298 0.4060163
0.3873826 0.4155651
0.3880246 0.81971043
0.40946242 0.4518285
0.38841698 0.3751214
0.38851735 0.24831107
0.3912444 0.149755
0.38841966 0.3070092
0.3871687 0.3966843
0.38969365 0.3675564
0.39796963 0.57749665
0.39440903 0.38451606
0.3905398 0.14203729
0.39063263 0.16946885
0.39303264 0.14896737
0.39792913 0.40031844
0.38756087 0.38288447
0.39044726 0.4261008
0.39314184 0.17475982
0.38864622 0.39834487
0.38899514 0.41070443
0.3896176 0.3485981
0.4062514 0.4299469
0.39269295 0.41770923
0.39134967 0.46375367
0.38752535 0.45069775
0.4095756 0.38669157
0.39706537 0.3741215
0.39034936 0.26803443
0.39402017 0.44638178
0.394156 0.27201778
0.39169475 0.38881114
0.39106894 0.18590774
0.390622 0.4296022
0.38958514 0.38828328
0.39062867 0.06637265
0.38585725 0.36908323
0.4094162 0.44234654
0.3880808 0.32395574
0.39061138 0.46466765
0.39044693 0.3885979
0.41121864 0.38742682
0.3890232 0.8541716
0.38923714 0.40065947
0.3905953 0.41789094
0.3934665 0.38900933
0.39095306 0.30046424
0.39581177 0.44218874
0.39055732 0.0700772
0.40125763 0.39257872
0.41106722 0.37212363
0.38976023 0.35981023
0.3893825 0.38661557
0.38937983 0.4046506
0.39223984 0.46821988
0.49122366 0.5751076
0.3920004 0.18073556
0.3922601 0.45907068
0.3915996 0.08863677
0.40715435 0.4410967
0.39147887 0.41623807
0.41038752 0.4381907
0.38953117 0.3400568
0.39090315 0.361506
0.38973656 0.4130245
0.38930604 0.34994823
0.387079 0.36977136
0.3912141 0.07538076
0.39114842 0.40897262
0.39410257 0.2579934
0.38659808 0.39403963
0.3886951 0.38341486
0.39243567 0.4695813
0.38986096 0.3991731
0.39053786 0.25332937
0.39153332 0.2325696
0.38802463 0.4021297
0.3940631 0.39698756
0.40166554 0.39535433
0.39121148 0.3653352
0.3885292 0.39496964
0.3936549 0.42604768
0.39201638 0.36553574
0.39306268 0.39938635
0.3934211 0.14293873
0.38951495 0.36465853
0.39168426 0.3755759
0.39053944 0.4809379
0.38983676 0.6458654
0.38802463 0.3920836
0.387735 0.38159278
0.3939403 0.4522083
0.39061686 0.09496309
0.39084527 0.22419535
0.3887736 0.39215818
0.39229286 0.33443457
0.3924647 0.47015274
0.3906841 0.17819352
0.39186218 0.27295017
0.39065394 0.37792248
0.39802268 0.3863501
0.38912305 0.37956852
0.39859977 0.355958
0.38939932 0.40405607
0.3896652 0.43002275
0.38878545 0.4228842
0.38708627 0.40664202
0.39214742 0.36452013
0.3877047 0.5010279
0.3859204 0.39302856
0.39146203 0.3260827
0.38798746 0.41541
0.39144295 0.450708
0.39081463 0.41822797
0.39181376 0.046848714
0.38880923 0.3645383
0.38934416 0.36820158
0.39911136 0.29709813
0.39169413 0.50324094
0.38848823 0.40335086
0.39148238 0.45215964
0.3905355 0.1831634
0.3895686 0.2866589
0.39264163 0.13521057
0.3838879 0.38976064
0.4064574 0.43848258
0.38556972 0.38523927
0.3922848 0.354515
0.393083 0.7758667
0.38980785 0.866407
0.3850145 0.37846953
0.39067906 0.42332682
0.3870974 0.39060438
0.39040968 0.39538813
0.39029422 0.35892418
0.39218 0.69564754
0.39031374 0.41878545
0.39954323 0.70101744
0.3982703 0.40755048
0.3827617 0.17897718
0.3897603 0.3329571
0.39154214 0.4299689
0.39164913 0.4399666
0.38724005 0.45690435
0.39221627 0.45405003
0.3881673 0.40258023
0.3849576 0.39941865
0.3894749 0.42118308
0.3912389 0.17636332
0.39059472 0.4220133
0.39135912 0.4246985
0.39130107 0.41447195
0.38900533 0.36642227
0.3912141 0.41004944
0.38795328 0.36110193
0.38852742 0.39786297
0.38798624 0.33285213
0.3919234 0.13997033
0.39480254 0.42516944
0.38909456 0.41093493
0.39922297 0.39995313
0.3904504 0.41446775
0.3864555 0.53711736
0.39037123 0.30092707
0.3879337 0.32161313
0.39062563 0.12278181
0.3912256 0.35053533
0.39068198 0.24757175
0.39053786 0.25769487
0.40875468 0.74856204
0.39912584 0.37614155
0.39260438 0.4300239
0.39053023 0.5039155
0.39196602 0.39490223
0.38625023 0.39727548
0.38759658 0.41432562
0.3899757 0.34497067
0.39090475 0.458929
0.3991278 0.39852655
0.38769177 0.4075802
0.38978407 0.39143714
0.39059532 0.5822892
0.38908738 0.39160228
0.3940012 0.43008506
0.38405603 0.4020208
0.3923321 0.41378075
0.3903306 0.41698334
0.39338747 0.14730215
0.3893228 0.3922535
0.3924316 0.25359067
0.3862414 0.4165382
0.38874274 0.42020863
0.4101089 0.4551775
0.39808246 0.29936618
0.39229977 0.40486142
0.39654076 0.4223391
0.39090505 0.34869057
0.39091823 0.33438897
0.38855243 0.34454063
0.3897722 0.534439
0.38517147 0.47009024
0.39139375 0.26344976
0.40477535 0.3862279
0.3879889 0.29071805
0.39060423 0.26787558
0.40357625 0.3322982
0.38827425 0.32037807
0.39213732 0.41267377
0.38909575 0.41682312
0.41127154 0.41274375
0.38929588 0.41787723
0.3893442 0.36856455
0.38994455 0.20107353
0.39549643 0.44882768
0.38729712 0.52031904
0.40255865 0.35752046
0.3916491 0.44336405
0.3916491 0.16266635
0.39106894 0.18584554
0.3896176 0.45490432
0.3905136 0.41179833
0.39162138 0.4503458
0.3905452 0.40572125
0.39605224 0.42670348
0.38918966 0.43154162
0.3990179 0.4292786
0.39162138 0.40033984
0.39229974 0.42187348
0.38756093 0.3585467
0.38859525 0.4082975
0.3866337 0.4431056
0.39797014 0.28774512
0.39131442 0.053023648
0.3779234 0.29282108
0.38864312 0.55520266
0.40930668 0.36483476
0.39033607 0.1266835
0.39066404 0.33506924
0.38899323 0.30838135
0.39131543 0.42703804
0.39417252 0.44419438
0.39039493 0.23045222
0.38825956 0.32362252
0.38747308 0.4250991
0.39374447 0.13511036
0.38876167 0.38952646
0.39549643 0.46287444
0.39229548 0.15908243
0.389904 0.37467414
0.39133236 0.33736265
0.40944162 0.4448525
0.39039493 0.4134687
0.38888055 0.42374307
0.39216393 0.3166564
0.38966516 0.6932511
0.39160565 0.43085626
0.3907831 0.41771677
0.3893101 0.24666917
0.3853141 0.41991222
0.3959833 0.448128
0.3905953 0.43547142
0.39150408 0.42917314
0.39249012 0.39260864
0.39695787 0.44980735
0.39447778 0.44193763
0.3944404 0.42600912
0.3903168 0.4404633
0.38857144 0.4129682
0.39079714 0.4545775
0.39181176 0.4715536
0.39192343 0.15584038
0.40304983 0.43030864
0.39273694 0.22231108
0.38838127 0.39900365
0.3888958 0.30130395
0.38916585 0.42083094
0.38670793 0.36839864
0.38956234 0.39900744
0.39028436 0.28115454
0.39191368 0.34117055
0.38851854 0.4243546
0.39055756 0.40081188
0.38617 0.4080339
0.38848823 0.38878307
0.39172998 0.49470943
0.3895701 0.36033213
0.38677624 0.42480987
0.388405 0.4190358
0.389043 0.37827548
0.38911948 0.4280425
0.391704 0.45163742
0.39117566 0.409216
0.39241052 0.4207652
0.3915027 0.25547087
0.39229974 0.40169197
0.39076123 0.35460457
0.5235059 0.5062938
0.3901144 0.4421585
0.39000645 0.4283099
0.38844177 0.37574798
0.3891302 0.3939096
0.38831994 0.31745404
0.39018476 0.3288428
0.39877406 0.4494701
0.39374012 0.4049609
0.39361638 0.3798208
0.38655806 0.33951083
0.42352942 0.34008545
0.4119322 0.8181888
0.39098364 0.37136033
0.3915506 0.46787506
0.38728145 0.39655522
0.39807287 0.114060655
0.3901628 0.33975634
0.38979682 0.43732098
0.3906024 0.4286913
0.40387622 0.43115062
0.3915704 0.46326417
0.39512846 0.42995697
0.39265516 0.2364928
0.41005355 0.43384072
0.39293346 0.48341784
0.386598 0.5128038
0.39309013 0.2881387
0.38827842 0.27915433
0.3905953 0.42249143
0.39138612 0.3881324
0.38962957 0.73057956
0.3907989 0.40629464
0.38864914 0.52670807
0.38823852 0.44039136
0.3882385 0.3743237
0.39282116 0.76964056
0.38975072 0.35666102
0.42097852 0.5118189
0.39250055 0.15689024
0.3897526 0.41830006
0.39144886 0.42316207
0.39076123 0.41810843
0.39086843 0.3157183
0.38932282 0.36718708
0.39195442 0.186306
0.40920377 0.45237756
0.38966516 0.3924099
0.39090472 0.48357776
0.39039576 0.39374265
0.38797873 0.39138332
0.39081466 0.44978413
0.39082593 0.18252158
0.39912584 0.3929316
0.39249012 0.43123528
0.3867713 0.39764333
0.3906183 0.3623661
0.40169862 0.23050024
0.38802457 0.42727482
0.38896033 0.5876259
0.3863127 0.98998487
0.39142278 0.3428536
0.39798194 0.27213454
0.38966513 0.35695723
0.39174262 0.38500643
0.39121404 0.24928401
0.38895187 0.566921
0.39844504 0.4083358
0.39095938 0.37264106
0.39185968 0.46025366
0.3884191 0.43948495
0.40268 0.47421187
0.3834236 0.6632875
0.39223686 0.20990348
0.39119184 0.4824513
0.39157572 0.40287963
0.3927699 0.34456542
0.39197153 0.47465813
0.39146087 0.4553568
0.4011142 0.4347381
0.39343995 0.5108531
0.39242485 0.45262885
0.39035705 0.17766744
0.38874602 0.39731124
0.3929334 0.46067104
0.39891374 0.4510121
0.38834563 0.5546597
0.38948682 0.36735502
0.3931359 0.17439213
0.39848033 0.4215844
0.3939437 0.32600534
0.3923421 0.31971413
0.392693 0.30374372
0.3913671 0.46242467
0.3878462 0.43821114
0.38848826 0.8990798
0.3908082 0.10876096
0.38765702 0.3969811
0.39167488 0.15503459
0.38845256 0.4394915
0.39167973 0.246993
0.390422 0.40688187
0.39793465 0.40450576
0.3902711 0.4184703
0.3910556 0.3467549
0.3988879 0.4398307
0.38934684 0.44423088
0.39108416 0.46731728
0.38674068 0.88435394
0.40950927 0.62465525
0.39082694 0.2882917
0.4117022 0.36072087
0.38577783 0.42328593
0.40809318 0.3900595
0.39034832 0.28909376
0.39059117 0.37542894
0.3913937 0.48690972
0.38684762 0.3921085
0.3910347 0.45980015
0.3911888 0.61733127
0.39093038 0.17525044
0.41155523 0.4038932
0.38980663 0.36556667
0.3912994 0.45015243
0.3908187 0.45111346
0.39795503 0.40268004
0.39163163 0.41794726
0.3906848 0.37667766
0.39069262 0.5101684
0.39114842 0.26223898
0.39064273 0.45142454
0.3918376 0.2843849
0.3956258 0.44131613
0.3905374 0.18149391
0.39061266 0.38906756
0.3917361 0.3823538
0.38567144 0.2949058
0.3902793 0.42830214
0.38920662 0.38680556
0.3894554 0.38661587
0.38735786 0.41313246
0.4002017 0.374194
0.39079738 0.55668265
0.39804715 0.3101245
0.39122835 0.22141662
0.3950016 0.45356238
0.388293 0.24748158
0.39456818 0.36147976
0.393397 0.14726774
0.3917689 0.46792704
0.39059412 0.37262687
0.39050642 0.37274954
0.39829168 0.41834575
0.3918269 0.21989836
0.38746205 0.42861012
0.39034468 0.1983951
0.39484063 0.39546737
0.4015579 0.34934288
0.38646966 0.39453152
0.3824074 0.22255
0.39095858 0.452577
0.3927195 0.37539947
0.40857968 0.39047676
0.3890647 0.26274988
0.4032576 0.40035456
0.38831404 0.26987278
0.39074126 0.3847427
0.3888093 0.40604377
0.39016286 0.3987171
0.3913823 0.33395794
0.38677624 0.4467582
0.3925983 0.26706985
0.39509276 0.4065685
0.39132282 0.28927776
0.39672163 0.41744092
0.3920773 0.18013908
0.41077238 0.42439678
0.39155528 0.07213236
0.38882476 0.25565326
0.38962442 0.42349544
0.38764957 0.4351503
0.38675475 0.96906304
0.3910286 0.40895298
0.3915147 0.45313004
0.4095273 0.6612273
0.38781068 0.60862917
0.38977203 0.300948
0.39133534 0.019780096
0.39162233 0.47511393
0.39098102 0.38210705
0.39502677 0.36326578
0.39079252 0.2961464
0.3906918 0.47747824
0.39062494 0.46408102
0.3893049 0.37663972
0.38646904 0.4196377
0.3909966 0.4275144
0.3905562 0.38839775
0.38781062 0.42820942
0.3910258 0.46902892
0.3917494 0.39435586
0.39107698 0.4356234
0.40846935 0.4008528
0.39455447 0.40179387
0.39545438 0.37836233
0.3903137 0.4675271
0.3908271 0.40288103
0.3888249 0.44629225
0.39050624 0.37041125
0.39137968 0.16355082
0.39230818 0.46481827
0.38671705 0.39674366
0.40947565 0.35595307
0.38854638 0.3053671
0.39293557 0.3163165
0.38923725 0.68770283
0.3960171 0.2608413
0.38495755 0.40965748
0.3900008 0.24411784
0.4011143 0.4124187
0.39448857 0.4667
0.39494663 0.49784416
0.4196894 0.69114614
0.40715438 0.38502002
0.40502313 0.87579876
0.389047 0.36961526
0.39328763 0.14298901
0.38828614 0.3345186
0.39489523 0.46432182
0.38714486 0.3864164
0.39182314 0.6388574
0.3955016 0.32202777
0.3903961 0.39415118
0.39234403 0.46991765
0.3905877 0.3870099
0.38977215 0.61385053
0.39137864 0.39324707
0.3933226 0.47567815
0.391431 0.41060415
0.40983504 0.41373953
0.38884488 0.6056333
0.38798895 0.8713586
0.3898078 0.3962823
0.3949902 0.3795729
0.39829168 0.44517463
0.39033654 0.48273495
0.39234406 0.46536845
0.38720474 0.42066598
0.386384 0.52666384
0.38913023 0.7780059
0.3974584 0.386335
0.3882535 0.43183452
0.38641962 0.396614
0.3897439 0.44643545
0.39392805 0.48973915
0.39097723 0.3732733
0.39169592 0.023675404
0.38898757 0.384659
0.40675637 0.4203387
0.4053668 0.4223873
0.38894033 0.3213415
0.41106725 0.41929007
0.3974584 0.30940425
0.3869262 0.40234435
0.39549643 0.66545093
0.39070383 0.4027927
0.38918963 0.32882744
0.39226547 0.42525646
0.39041397 0.434254
0.39185175 0.46245345
0.39106855 0.49197388
0.39095542 0.33723196
0.3883903 0.41572973
0.39164317 0.5134478
0.3934625 0.13449992
0.39514735 0.39856958
0.38505727 0.36805266
0.39124355 0.4103424
0.3912452 0.47263387
0.39610797 0.4258098
0.39178634 0.3057934
0.3915886 0.37685385
0.39098448 0.37603506
0.39063853 0.23953521
0.38914916 0.4362535
0.38825747 0.43493557
0.40950924 0.38612062
0.39040977 0.38965616
0.3837094 0.4259911
0.47284123 0.51988727
0.39199558 0.45861936
0.39040995 0.41961348
0.40988594 0.34990194
0.3979272 0.43349135
0.39256474 0.40570575
0.3954567 0.32511947
0.38898757 0.4221678
0.39833927 0.4581085
0.38737535 0.41758028
0.390833 0.4635637
0.3850525 0.39908108
0.39250064 0.45914307
0.38858548 0.40962735
0.38873783 0.4314703
0.39016283 0.33005333
0.38674065 0.3968794
0.38897225 0.41940188
0.39133534 0.4783654
0.3930697 0.3320657
0.4080983 0.41944617
0.40557733 0.66909075
0.3899308 0.37408987
0.39081866 0.10772153
0.388001 0.3486637
0.3900669 0.40077886
0.38763043 0.4185679
0.39626223 0.42286146
0.404282 0.39062145
0.38971272 0.4217777
0.4076428 0.38703054
0.3915386 0.4145412
0.38893548 0.4554746
0.3857065 0.4173505
0.39229974 0.39029488
0.39106652 0.37315997
0.39126357 0.5524453
0.4054977 0.44164357
0.3904504 0.43413958
0.39243647 0.33392596
0.39595243 0.43700588
0.39036787 0.30846334
0.3923804 0.47404706
0.39180678 0.4662051
0.4089782 0.40848616
0.39146087 0.45401615
0.39908928 0.37060162
0.39807835 0.4807724
0.3895582 0.38440973
0.3919134 0.42422286
0.3891302 0.4340868
0.38766792 0.40023905
0.38748676 0.34659296
0.3917635 0.47284093
0.38624138 0.41697976
0.39060238 0.16260685
0.39064273 0.6256466
0.38759658 0.42759353
0.5111864 0.8270966
0.39328706 0.47544664
0.3888449 0.7582254
0.38880292 0.42320842
0.39162236 0.43174684
0.5240413 0.55323166
0.39544913 0.44766343
0.39034465 0.3710335
0.39090312 0.41835538
0.39180174 0.46606198
0.37823954 0.24065626
0.39375407 0.14031789
0.39181405 0.017988859
0.3927404 0.40570015
0.39061436 0.37131742
0.3919824 0.41889402
0.3906791 0.40072948
0.38649103 0.42426977
0.38869724 0.39709616
0.38574207 0.5314639
0.39382198 0.3409379
0.39130986 0.3997995
0.39235094 0.4073489
0.39074132 0.45186204
0.38724008 0.57834846
0.39127815 0.14934477
0.39608166 0.26404607
0.39112705 0.38949886
0.3872516 0.38236773
0.39106348 0.17458697
0.3912141 0.3367892
0.38946542 0.40310365
0.38941106 0.22352211
0.39067906 0.42711055
0.38816723 0.39440814
0.38879347 0.42230114
0.3928834 0.33837783
0.38888055 0.42205492
0.39106664 0.3342548
0.3893496 0.38735178
0.39256474 0.42551765
0.38702598 0.39511612
0.4025468 0.4437306
0.39012358 0.41828695
0.40790382 0.5670265
0.37835366 0.41525117
0.39185178 0.4927054
0.414303 0.32450578
0.4022395 0.3709422
0.39071456 0.3672024
0.39071873 0.15407832
0.39803657 0.4228314
0.3873818 0.39580154
0.41040206 0.369927
0.3919343 0.5027642
0.3851553 0.36983928
0.39154157 0.25682557
0.39047614 0.4328015
0.41139016 0.36927438
0.39254326 0.15365574
0.39802274 0.42187482
0.38959384 0.61391026
0.3872064 0.36425078
0.39226723 0.48688528
0.38909447 0.40997046
0.39050665 0.4152349
0.39802274 0.35321853
0.38519526 0.40540284
0.39106622 0.4596207
0.38847047 0.41447037
0.52489984 0.43415695
0.39093724 0.45699167
0.3905047 0.16640408
0.38800356 0.2627931
0.40662315 0.44075218
0.40477538 0.39875108
0.3892728 0.5779625
0.39555177 0.30043858
0.39093125 0.34719443
0.39000645 0.38534966
0.40875474 0.4248154
0.39060286 0.3957804
0.39059317 0.41074744
0.3882304 0.2524471
0.3916817 0.45456702
0.3906326 0.38087583
0.3912204 0.3998752
0.39104825 0.41113722
0.3917372 0.40768307
0.39061746 0.41935208
0.3903484 0.27516088
0.39092278 0.40702385
0.3898347 0.42272788
0.3874897 0.9440858
0.39008692 0.2580784
0.4073148 0.2530927
0.40947562 0.53103274
0.3900674 0.3322648
0.38752535 0.39630488
0.38772514 0.37177604
0.4011142 0.4531934
0.39155123 0.33600685
0.39211577 0.47273177
0.47724438 0.4720839
0.42762256 0.3012273
0.42271337 0.60578334
0.38907465 0.4218865
0.38933977 0.39417934
0.38628885 0.37429816
0.386812 0.88091654
0.38658795 0.3652195
0.39061457 0.41636935
0.40477538 0.35195786
0.41024816 0.38781422
0.39043337 0.40787542
0.37998754 0.42984363
0.3985574 0.37990072
0.39052674 0.38591254
0.38795814 0.4319065
0.39100042 0.42126215
0.38947496 0.38783363
0.39153442 0.21729364
0.38226047 0.19486818
0.38885674 0.44766945
0.38923714 0.8534896
0.38505897 0.42366928
0.39139375 0.32068142
0.3876084 0.30059087
0.38929752 0.26509744
0.38775977 0.34721163
0.39911637 0.4330538
0.3872635 0.41299012
0.39069435 0.34344956
0.3882921 0.33283916
0.38968554 0.34774172
0.39007625 0.44982883
0.3969713 0.41845036
0.39423206 0.4278223
0.3918819 0.37075284
0.39585036 0.39708582
0.3908226 0.40707463
0.39037493 0.4078954
0.38867524 0.41754282
0.390631 0.48333672
0.39644206 0.3464501
0.385978 0.42794764
0.39027926 0.43361494
0.38848916 0.2539752
0.38980803 0.37656546
0.3850646 0.3923069
0.38993084 0.37629116
0.39141732 0.39566073
0.4052209 0.47538188
0.3942441 0.38915524
0.39050588 0.37914896
0.38752538 0.6082853
0.3867115 0.37506914
0.38959387 0.39970475
0.3909724 0.29856762
0.38906094 0.41337362
0.38766795 0.39103597
0.38854435 0.39014032
0.39050314 0.39462703
0.39028046 0.39087498
0.37725863 0.28191552
0.38895193 0.35246584
0.38728753 0.3597484
0.39135203 0.26295248
0.3912547 0.39749342
0.3883374 0.38275853
0.39088783 0.41633347
0.38766798 0.51401
0.40950927 0.51421875
0.39066008 0.48145342
0.3906928 0.42094663
0.3909724 0.14379162
0.40913674 0.44003364
0.41878593 0.6885423
0.39255485 0.48176828
0.3913937 0.4289024
0.41155183 0.3814373
0.39107305 0.37679076
0.3885239 0.46298575
0.39053026 0.45461407
0.4064574 0.3483359
0.39853284 0.44333047
0.39060864 0.41734582
0.39119938 0.041233253
0.38751397 0.38562053
0.3936693 0.1471809
0.39328024 0.38487408
0.39259678 0.30981195
0.39164916 0.38876855
0.39167586 0.45972848
0.39833364 0.41215807
0.4004946 0.6375633
0.38838124 0.4349741
0.41106725 0.41800764
0.40257612 0.42050868
0.39186552 0.4868254
0.38840404 0.56729925
0.39364395 0.30666417
0.39301038 0.4275807
0.3927323 0.4293123
0.39060238 0.40231463
0.39216086 0.2574729
0.4119322 0.42830566
0.39234766 0.3653105
0.39027676 0.018831767
0.41080973 0.40515193
0.3881781 0.30245465
0.39167005 0.262521
0.3918666 0.42967075
0.3874388 0.30634394
0.3954862 0.43588108
0.3906302 0.43220922
0.3929089 0.60609776
0.39489526 0.4318719
0.39111337 0.29732448
0.39259678 0.11842844
0.3913254 0.44065732
0.38785198 0.42155847
0.40603054 0.36868152
0.39177433 0.2064294
0.39236635 0.31478864
0.3915993 0.38790593
0.39047766 0.41642976
0.39097098 0.40342712
0.38956988 0.3766853
0.39069644 0.41405517
0.3906168 0.46773598
0.39796963 0.42829734
0.3914347 0.38842154
0.390397 0.41497198
0.40843758 0.42719296
0.39112 0.47886834
0.38933235 0.38278076
0.39090663 0.26119667
0.3917914 0.40138188
0.3906849 0.3693513
0.41883346 0.6815533
0.38952252 0.39632353
0.38943484 0.38611132
0.38980782 0.42960396
0.39204365 0.45628947
0.40809828 0.4247138
0.3930843 0.14751963
0.38840762 0.33632854
0.39156684 0.3903807
0.3890232 0.40128198
0.3929886 0.26355803
0.4080932 0.40022644
0.3883116 0.33123693
0.3929928 0.31486762
0.38880926 0.38078728
0.39170665 0.40703225
0.38575006 0.42940342
0.391289 0.46013725
0.39374006 0.40972182
0.40644386 0.57690334
0.38899943 0.55467474
0.39058694 0.41202846
0.38806024 0.4162156
0.38553938 0.4185861
0.3952477 0.40976205
0.3897008 0.41329247
0.39112052 0.39922178
0.38804242 0.4123643
0.4083089 0.40064335
0.41363376 0.536838
0.40950927 0.44365042
0.39190933 0.5100732
0.38811743 0.3629664
0.39366814 0.1450947
0.3904773 0.46461535
0.39120102 0.46022305
0.39040822 0.36025795
0.38965327 0.41418257
0.3942829 0.43883255
0.3909303 0.472945
0.38905117 0.41534972
0.40888822 0.43135437
0.3980227 0.4194023
0.40111426 0.41384986
0.39684597 0.27210453
0.3849576 0.43242624
0.3874897 0.39662653
0.3870617 0.41822582
0.40477538 0.44554642
0.3905979 0.29978058
0.38632846 0.4494642
0.39135912 0.39998868
0.38958803 0.38465518
0.3913937 0.41624779
0.39058438 0.45602265
0.4095273 0.40703484
0.3920773 0.16274224
0.39297268 0.3573267
0.3909693 0.36296797
0.3919234 0.49260834
0.39066014 0.43488622
0.3922045 0.6782455
0.3887522 0.34879747
0.3897059 0.3842852
0.3921474 0.3268258
0.39108416 0.26748815
0.38581386 0.21991536
0.38913015 0.55376375
0.39075133 0.37718883
0.38960814 0.28848836
0.41042152 0.21107917
0.3912547 0.42711496
0.38676804 0.40095842
0.38884494 0.81155634
0.38785812 0.394262
0.39777544 0.42338052
0.39031374 0.36371803
0.39898866 0.40183622
0.38758162 0.32348594
0.386705 0.39084196
0.39186662 0.46411073
0.38660115 0.39825255
0.38847843 0.3635898
0.39173362 0.36280426
0.3897008 0.4222289
0.38776058 0.29757577
0.39108178 0.15028027
0.39143226 0.26410228
0.38898757 0.41861564
0.38781065 0.4024028
0.39243868 0.3737599
0.38845152 0.36376256
0.39393517 0.42961583
0.40952736 0.7356404
0.38884136 0.3431294
0.3980227 0.5172417
0.39078063 0.43373284
0.39191893 0.36981013
0.39004424 0.4094966
0.39376178 0.14092901
0.3875897 0.42321256
0.39162236 0.485386
0.39083296 0.4792575
0.39063403 0.016823536
0.39058957 0.3491905
0.38826716 0.43511146
0.39039573 0.5590838
0.39079365 0.45321733
0.4095273 0.43096134
0.38724008 0.43180057
0.39499342 0.30752632
0.38785726 0.41466916
0.38815713 0.41552678
0.39191893 0.24985187
0.39844114 0.45697483
0.38922438 0.36293837
0.39284813 0.43261302
0.3882254 0.33815765
0.38745406 0.5787993
0.39164034 0.4514945
0.3917999 0.30663893
0.3890342 0.3526669
0.39172497 0.287908
0.39262894 0.44720402
0.3922045 0.46448466
0.38677552 0.37217873
0.3766199 0.2715706
0.38963497 0.38738102
0.3914548 0.35507125
0.38982496 0.3738783
0.38999757 0.39457873
0.38363495 0.38963142
0.39274395 0.33528087
0.38838574 0.39560422
0.3907769 0.42125475
0.3907474 0.38638875
0.40955564 0.41283712
0.38766792 0.39383668
0.39328828 0.35403147
0.39196566 0.21010411
0.38837463 0.30177882
0.3903306 0.41412598
0.3886309 0.4253052
0.4085176 0.3951995
0.39353067 0.16222438
0.40701964 0.3551062
0.38848144 0.4008274
0.37977302 0.37288505
0.3918724 0.47033778
0.39111653 0.4131967
0.39349562 0.32451022
0.39044693 0.38830268
0.40715435 0.3866704
0.5394903 0.58028793
0.41024816 0.2365081
0.40028927 0.65179294
0.38863802 0.34385115
0.38951492 0.36382475
0.38977215 0.43417522
0.3893738 0.28758672
0.41024816 0.42268166
0.3929098 0.42880648
0.388559 0.25354508
0.39112702 0.38752985
0.39799994 0.40596786
0.3910802 0.15251678
0.39041862 0.20839196
0.40728715 0.38834837
0.39340314 0.42138383
0.3901628 0.38900086
0.39641562 0.25892258
0.40715435 0.28099862
0.39782053 0.37355655
0.3923563 0.46923682
0.3883813 0.4217107
0.39146486 0.46875048
0.39401603 0.28024328
0.38820294 0.43450853
0.38737214 0.43871218
0.39913687 0.4257745
0.38973394 0.29150862
0.39196366 0.041261993
0.3897134 0.4717104
0.39059532 0.68602055
0.38693747 0.38092765
0.39268053 0.38129833
0.3872873 0.38070777
0.40274483 0.34037873
0.39178622 0.43408382
0.39037752 0.4134089
0.4080983 0.36246908
0.38741836 0.4170456
0.38825276 0.3804254
0.39059827 0.44046065
0.39249018 0.30082822
0.3889771 0.2934135
0.39045525 0.48268425
0.39125386 0.16569944
0.39153948 0.48315662
0.39237234 0.47335216
0.38954625 0.4162444
0.39349133 0.23563288
0.38716874 0.42691875
0.40952733 0.41747704
0.3894274 0.33050212
0.40996465 0.38494503
0.3893974 0.40882933
0.3877631 0.45638013
0.38948685 0.36997667
0.38734704 0.3042633
0.38741222 0.3618001
0.38770366 0.38941106
0.3975614 0.4069697
0.3975614 0.37309366
0.39248306 0.59759074
0.39133534 0.47273043
0.39091215 0.08389721
0.40069607 0.39580408
0.39809874 0.41712058
0.3887501 0.37373176
0.38884205 0.28992918
0.39099193 0.41479123
0.39191893 0.4369069
0.39802274 0.30046177
0.38594463 0.39265558
0.3913819 0.4418458
0.4004546 0.41540468
0.38971674 0.4067622
0.4108326 0.3893984
0.41193217 0.44730765
0.3911021 0.4520871
0.40477535 0.41962624
0.39059922 0.44357112
0.38816723 0.55884314
0.3984411 0.42467597
0.3874397 0.43764362
0.3921729 0.21921632
0.40496764 0.4553084
0.39058897 0.4058561
0.39054355 0.40332136
0.39129433 0.036895107
0.3862235 0.4264281
0.38892218 0.37115934
0.40967923 0.44514522
0.39188424 0.39957318
0.39914453 0.4358066
0.39461353 0.40012777
0.3861894 0.4102816
0.3904065 0.30858943
0.38857147 0.3758988
0.39282605 0.44525024
0.3913323 0.3461092
0.39085868 0.42053023
0.39044797 0.39619136
0.39301035 0.45145762
0.39009574 0.2750339
0.39553764 0.43341368
0.39539337 0.43115297
0.3898435 0.4239025
0.3889043 0.6037952
0.38866654 0.40199226
0.40589866 0.4476539
0.38937983 0.22058363
0.38749677 0.44041857
0.39077905 0.41705844
0.39062825 0.20763275
0.39192343 0.5746782
0.3914347 0.3659842
0.3905874 0.7297427
0.3807437 0.42819974
0.39113548 0.42264158
0.38880926 0.4135441
0.39052853 0.40008476
0.38980785 0.38821998
0.3883337 0.54828894
0.39152485 0.45389917
0.3913932 0.30785862
0.39036182 0.4102191
0.3917115 0.48468912
0.39791766 0.25746176
0.39282775 0.44085062
0.3899921 0.30444
0.3921093 0.41975844
0.38675508 0.57576746
0.38861904 0.35346517
0.38984668 0.36686164
0.3906342 0.36265364
0.38870227 0.3956647
0.38898757 0.45256522
0.39110568 0.37365514
0.39063838 0.39810362
0.39082327 0.18531346
0.3962616 0.41609585
0.38904107 0.42278326
0.38733515 0.41768327
0.3981426 0.29380098
0.3860275 0.5375264
0.39795747 0.37785253
0.39119184 0.40079188
0.39173874 0.36354497
0.39077902 0.21195199
0.38360235 0.26701802
0.39573562 0.43939796
0.39183232 0.40322363
0.39396808 0.20994827
0.3892792 0.40246156
0.3920543 0.2065043
0.39237592 0.38664663
0.389431 0.37161383
0.3867407 0.30368957
0.38875285 0.36017838
0.39735675 0.32259622
0.3916606 0.3773548
0.38856593 0.40488666
0.3981136 0.36102536
0.40092716 0.44268546
0.39141482 0.032107282
0.38783082 0.40314138
0.3938439 0.41359538
0.3965887 0.39658204
0.3906344 0.43107775
0.40947565 0.37117854
0.3909944 0.46415102
0.390622 0.43644422
0.39237592 0.35306078
0.3861774 0.59880686
0.3873113 0.5240969
0.38666943 0.41100472
0.39386144 0.36949804
0.38888052 0.34162313
0.3929845 0.28047425
0.39542648 0.21999376
0.38870224 0.42198342
0.39521068 0.4294543
0.3897127 0.41048628
0.39805815 0.3791512
0.3906199 0.17008087
0.39333084 0.12465183
0.39143097 0.48241854
0.39090523 0.48800665
0.38859525 0.4274944
0.3911613 0.40135413
0.39229974 0.42428517
0.4005132 0.43789884
0.39038235 0.4732548
0.402098 0.4177756
0.38853732 0.38429075
0.3913353 0.426036
0.39482376 0.40700418
0.4094133 0.40621832
0.38895193 0.4112567
0.3922441 0.40516332
0.39030108 0.35046706
0.39100122 0.20593771
0.39123675 0.39189076
0.39179596 0.29956427
0.38976577 0.36383128
0.39311966 0.15965459
0.39805156 0.28062946
0.394775 0.3649427
0.3873826 0.46339592
0.38454416 0.31724375
0.3964757 0.3750768
0.39127877 0.42330548
0.38948685 0.38874972
0.39885524 0.26423818
0.3932316 0.47801164
0.3973658 0.33364233
0.39004424 0.27702075
0.39811358 0.42336676
0.3910073 0.2902828
0.392806 0.19122109
0.39040995 0.3992228
0.39276993 0.15378496
0.38816208 0.42344594
0.38734704 0.43400925
0.38895538 0.36683562
0.393069 0.41019928
0.3885224 0.4129115
0.38591132 0.41084135
0.38916582 0.27843973
0.3899462 0.34278718
0.3949089 0.40533337
0.39365485 0.55987316
0.39061508 0.36511365
0.46503365 0.42977262
0.3994442 0.41614217
0.39042202 0.47435805
0.39058444 0.4242642
0.39033657 0.41811582
0.38855958 0.3945732
0.39595205 0.42710045
0.39081466 0.38925302
0.3914007 0.34056395
0.3885239 0.4474381
0.38913023 0.4149555
0.39176595 0.4162528
0.3919189 0.27319106
0.3913225 0.41407266
0.39042202 0.40451592
0.39630994 0.4120249
0.4092038 0.32210296
0.38768175 0.39306888
0.3908689 0.45679507
0.3901651 0.41502598
0.3916947 0.42874607
0.38778213 0.40157348
0.40438646 0.4075546
0.39238033 0.46854663
0.41078255 0.35846537
0.3901223 0.35747036
0.3906153 0.18544215
0.38606307 0.47204852
0.39543173 0.4165641
0.3887224 0.2552942
0.39317608 0.1551512
0.38973644 0.387605
0.3913011 0.407374
0.38827428 0.37569955
0.3888549 0.42055255
0.38816926 0.32228225
0.39156747 0.740945
0.39166325 0.41482636
0.40747598 0.44699466
0.38702598 0.42138898
0.3918295 0.48286632
0.3912547 0.5770567
0.39526412 0.3705387
0.39057356 0.4879989
0.3876425 0.4237264
0.38531423 0.53523403
0.39128506 0.32342002
0.39316216 0.17270128
0.39615598 0.39913175
0.39394036 0.4099424
0.39532027 0.36607882
0.3801544 0.39125365
0.39122188 0.47964022
0.38720438 0.36723047
0.3908496 0.47558266
0.39045808 0.20960677
0.3877749 0.41863152
0.41193226 0.381256
0.39471218 0.3738303
0.39108425 0.28471553
0.39525253 0.3892944
0.39346254 0.34611014
0.38939908 0.39250493
0.38805702 0.40722358
0.40950927 0.42787728
0.3887221 0.2611392
0.3888093 0.58616686
0.38781062 0.4622926
0.4078336 0.43604007
0.39544913 0.41447988
0.38638398 0.4153243
0.38830993 0.80188704
0.39161065 0.23873624
0.39735863 0.20640118
0.39243522 0.35769865
0.39260438 0.43537882
0.3954964 0.44726232
0.38834807 0.43516597
0.40079162 0.37686285
0.39327615 0.1591098
0.40687576 0.40013862
0.38980785 0.44924822
0.3846281 0.39485422
0.40485483 0.38213533
0.40918604 0.29733136
0.40498665 0.40265456
0.40952736 0.4528417
0.39539728 0.21515588
0.39157608 0.4075469
0.40485716 0.2436634
0.38980064 0.26459044
0.39174098 0.4754742
0.38866654 0.3599034
0.38916588 0.44847947
0.3922828 0.40120295
0.3898435 0.6813572
0.39093348 0.14472583
0.38713303 0.41630957
0.38902318 0.42711827
0.4088413 0.4299226
0.39108783 0.17659006
0.46788982 0.4263358
0.39097652 0.489138
0.39270547 0.34368956
0.3879533 0.42194167
0.3898022 0.40714076
0.38978285 0.36837447
0.38895187 0.3897149
0.38949397 0.41855043
0.40915164 0.4175338
0.39307347 0.44601935
0.3851549 0.4261657
0.390626 0.35963178
0.39077908 0.411329
0.40809318 0.39073366
0.38616186 0.34322393
0.38928476 0.4081304
0.3903137 0.40871054
0.39061874 0.28874812
0.3906516 0.27463353
0.387398 0.37954342
0.38781062 0.40403664
0.39051417 0.47668856
0.38934413 0.4128638
0.39280206 0.44423452
0.39265418 0.26081997
0.3909047 0.49046412
0.38694397 0.3982169
0.38863817 0.36192307
0.38753977 0.3234112
0.38962954 0.4201873
0.39060864 0.42303225
0.39151755 0.4668394
0.3914747 0.25015143
0.39236215 0.46360672
0.39053017 0.4221597
0.3880897 0.4019967
0.39694276 0.23692003
0.39970642 0.32470876
0.39331153 0.39820498
0.37787375 0.27762902
0.3940663 0.35758635
0.4008623 0.4358086
0.40120214 0.40341312
0.3907074 0.4568324
0.39328828 0.1858165
0.39792907 0.2556781
0.40435103 0.3700757
0.38852397 0.41932908
0.3905142 0.22504017
0.38567075 0.38318342
0.3855638 0.42261833
0.3917682 0.41584644
0.39095256 0.44224134
0.38813156 0.40071318
0.39719418 0.40590185
0.38940832 0.39019215
0.40936393 0.2623457
0.39145663 0.034851346
0.37332386 0.41636178
0.39549646 0.4168389
0.39172998 0.47405323
0.3903137 0.52809423
0.3914789 0.46587065
0.39059153 0.2835554
0.3954964 0.30991223
0.3909825 0.20701548
0.39116386 0.44486785
0.39234677 0.50205404
0.39096627 0.36508417
0.38857144 0.34086993
0.38831517 0.3733093
0.38878068 0.33245483
0.39037466 0.37075773
0.40196106 0.38203618
0.4126624 0.36604068
0.39153895 0.3769823
0.3881244 0.41345364
0.38857147 0.3748395
0.38915154 0.22698149
0.38592044 0.509186
0.38675627 0.38489696
0.39145952 0.18202506
0.39027926 0.41169715
0.3918576 0.4168977
0.390616 0.47542167
0.39191893 0.417607
0.3966581 0.49042416
0.38904697 0.42617568
0.39173874 0.3792382
0.39178064 0.26844797
0.38788196 0.6639017
0.39168155 0.4646895
0.3881673 0.5782574
0.38923773 0.36195508
0.38492182 0.397983
0.38933894 0.457575
0.3873776 0.36812964
0.38652676 0.413307
0.39066687 0.3909749
0.39346254 0.32094812
0.3874897 0.42366385
0.39162573 0.5147998
0.39101645 0.36794728
0.3983865 0.501336
0.39120254 0.3600139
0.3903484 0.36949417
0.3898435 0.38385144
0.39050883 0.36722034
0.39168274 0.051228918
0.38584915 0.5643796
0.4093916 0.38184428
0.38717905 0.35551867
0.4034584 0.4268508
0.39059195 0.39021623
0.39912584 0.39408576
0.38816205 0.4328258
0.3892372 0.48662624
0.38797346 0.33397678
0.38944 0.2265996
0.39034978 0.3612077
0.38720432 0.42480356
0.38913026 0.40714577
0.38901308 0.36696735
0.3880062 0.4044117
0.3940631 0.3461817
0.40875894 0.34327772
0.38915864 0.40557745
0.38966513 0.42557278
0.38750514 0.41273877
0.39036646 0.39119312
0.39986095 0.4474718
0.39038208 0.05052417
0.3913991 0.14637522
0.38865355 0.356889
0.39077285 0.36798772
0.4397164 0.63096803
0.39073962 0.41196057
0.40934843 0.40877804
0.37764195 0.27305123
0.38855958 0.7957063
0.3980227 0.3719389
0.3921639 0.48064387
0.4074317 0.41088128
0.38728756 0.3277312
0.3908236 0.40205824
0.3906918 0.40679204
0.39195713 0.45051262
0.39310047 0.1468277
0.38888058 0.42483395
0.391718 0.33113077
0.39050665 0.37783274
0.39312452 0.12200043
0.40715435 0.44801694
0.39118138 0.44711617
0.38816723 0.4177023
0.3905281 0.21306375
0.39340785 0.38212103
0.38898453 0.32372785
0.39414325 0.13857777
0.38845256 0.3874514
0.3860988 0.38480067
0.3977392 0.22961427
0.38845262 0.40643224
0.40879986 0.39187038
0.3919878 0.2470354
0.39236355 0.34683707
0.38804838 0.36465323
0.38977793 0.39937207
0.39139453 0.5134131
0.3947815 0.4100664
0.39374015 0.4066488
0.39146584 0.33995515
0.39176804 0.35160393
0.39064565 0.4414379
0.39092407 0.41236943
0.39059237 0.43083644
0.39178616 0.3157223
0.38834557 0.39906347
0.39346248 0.34397954
0.38926575 0.40258712
0.3911918 0.4226065
0.3885714 0.40047073
0.3916589 0.360201
0.3903137 0.33640215
0.39139366 0.42870763
0.38866654 0.39072183
0.38676447 0.4025868
0.39863762 0.3976535
0.3885477 0.38702616
0.39185473 0.37250465
0.39337662 0.21521823
0.41077238 0.43631956
0.38848823 0.38639814
0.3905142 0.39893153
0.3893347 0.4093419
0.39114842 0.4082261
0.38818496 0.30740136
0.38885674 0.35774863
0.3893085 0.42162514
0.38888058 0.8362644
0.3874184 0.59050584
0.38844594 0.39019045
0.39132804 0.39941195
0.38852394 0.35969603
0.39229974 0.3362714
0.40875015 0.3677214
0.39229974 0.42541918
0.39249018 0.41901883
0.39065808 0.3982695
0.39312732 0.22374575
0.39223608 0.45852205
0.38766792 0.42463085
0.3947346 0.36587584
0.38731128 0.4324183
0.38952252 0.64404917
0.39027163 0.3916859
0.3906074 0.4560009
0.40915158 0.39912546
0.39004424 0.4050783
0.4119322 0.35360575
0.3903137 0.4293928
0.3907833 0.2791117
0.39067206 0.4249582
0.39391258 0.29092476
0.3853354 0.26500732
0.38816723 0.6055154
0.39059463 0.3755846
0.39057317 0.36210307
0.39120948 0.36865947
0.38846377 0.20431687
0.38709727 0.4194031
0.39119178 0.4883777
0.38738504 0.41406304
0.3902816 0.11462384
0.41883346 0.6818107
0.39781538 0.41777605
0.39065722 0.19920205
0.3897603 0.43906426
0.38901365 0.40604028
0.38982365 0.41078988
0.3908554 0.4488286
0.38721374 0.3896448
0.38984343 0.38412833
0.39255303 0.09624261
0.3906986 0.080344155
0.38898283 0.39494094
0.39279285 0.20563962
0.3808266 0.26261154
0.38822117 0.44865432
0.39746103 0.4190164
0.39611953 0.41647822
0.388629 0.33813682
0.39039576 0.4649391
0.3935326 0.40981305
0.38783917 0.37413493
0.39162135 0.37264106
0.39170477 0.24561623
0.38424936 0.3286694
0.40941623 0.41091713
0.39092416 0.35545477
