0.37411028 0.35727045
0.37508622 0.5727896
0.41221738 0.47474787
0.39000374 0.38722947
0.37857464 0.4173601
0.37604445 0.3165191
0.3783711 0.32960773
0.36746186 0.37367755
0.3868085 0.3546993
0.3759845 0.4402426
0.37012982 0.39667654
0.37616646 0.4086396
0.377999 0.41290122
0.38444233 0.4178935
0.3807609 0.4053444
0.39494085 0.34186313
0.3860582 0.40414166
0.38679332 0.41001466
0.36425927 0.37471858
0.36687258 0.41484216
0.37909853 0.4185717
0.36693364 0.34733465
0.36086082 0.38873342
0.41335338 0.4770002
0.36623514 0.3407591
0.38092536 0.22350994
0.37642083 0.42490712
0.39872938 0.3636676
0.376904 0.3942084
0.37616652 0.44679627
0.37758553 0.41505158
0.35456076 0.44795325
0.39823246 0.35941878
0.3970921 0.40800014
0.40527976 0.36951795
0.4015069 0.474343
0.37878293 0.36306122
0.3864677 0.39887807
0.41833663 0.45702398
0.382397 0.42361003
0.37485474 0.4265533
0.36708742 0.40326387
0.3590542 0.3794153
0.37650836 0.43397802
0.39229894 0.2556781
0.37877706 0.3596104
0.3810606 0.4016601
0.40993404 0.4572776
0.37408692 0.02924974
0.39534324 0.37106663
0.37884346 0.37903395
0.37803078 0.03977753
0.38227004 0.38643226
0.37799877 0.3572678
0.37849694 0.42166352
0.37828773 0.42128125
0.37794358 0.29346508
0.38588494 0.46182144
0.41188657 0.4490256
0.385499 0.45893946
0.37489945 0.3907436
0.37456924 0.3407477
0.396725 0.4025273
0.37851918 0.35845622
0.37010798 0.44756436
0.40123856 0.5384322
0.38659126 0.4209687
0.3807376 0.4287109
0.37392026 0.38928172
0.3905868 0.46485507
0.34944636 0.45363072
0.38509434 0.2867233
0.38609582 0.41040608
0.36692935 0.3895704
0.38636386 0.33951676
0.3780114 0.3727871
0.3753497 0.57656986
0.36262316 0.38308844
0.37250113 0.3135
0.3867541 0.4251082
0.37220573 0.39133278
0.37852392 0.36997667
0.41413713 0.12633958
0.37056807 0.41221634
0.41809016 0.48833817
0.40297776 0.4686027
0.41724843 0.19912273
0.36692935 0.39891836
0.38624114 0.38180247
0.29850087 0.3002481
0.3810606 0.419519
0.29276735 0.16498676
0.38690543 0.4123778
0.39846766 0.3599604
0.38677943 0.33452997
0.37884206 0.33634865
0.30765772 0.13514511
0.37476194 0.232362
0.4079821 0.48672405
0.38628358 0.40514025
0.29808003 0.439897
0.3686478 0.39799917
0.36712468 0.3784177
0.3858866 0.42523116
0.38099045 0.4322291
0.37649828 0.39619136
0.37807432 0.44410676
0.41289407 0.42545304
0.37598443 0.38240483
0.3844424 0.43640885
0.37886232 0.43172118
0.3820039 0.42710045
0.37510645 0.37893865
0.28379947 0.106727555
0.3575417 0.20107353
0.3871112 0.38981837
0.3787278 0.3947705
0.38173366 0.38546753
0.37737346 0.40871462
0.37836754 0.25732833
0.38654405 0.40243036
0.38628358 0.9318856
0.38672304 0.4204312
0.3745621 0.41149428
0.36713845 0.30407333
0.41961533 0.47516334
0.37086606 0.17092654
0.37836313 0.17692137
0.29623353 0.15502691
0.39310426 0.39912546
0.37597096 0.42079648
0.380127 0.36471373
0.3757606 0.40017095
0.38912535 0.32252795
0.37367257 0.25769362
0.3925414 0.44765306
0.37130943 0.18912168
0.4137851 0.4626786
0.38623756 0.40921924
0.37802947 0.3958226
0.37663764 0.62555444
0.37724102 0.4177927
0.38583457 0.39468026
0.3783324 0.40319577
0.44006312 0.8006719
0.37634593 0.8875384
0.39318871 0.44901353
0.47379 0.39892057
0.37086254 0.42336452
0.37788904 0.43861532
0.40486646 0.22108619
0.40287685 0.17650062
0.40074062 0.44402212
0.37257245 0.43930158
0.41063356 0.34051266
0.37058458 0.39608744
0.37621576 0.44126114
0.36931652 0.252168
0.37571746 0.3934582
0.3779259 0.8084928
0.39926428 0.59682614
0.37857464 0.40911222
0.37791383 0.30233178
0.37392813 0.37285063
0.39030188 0.40311253
0.39545023 0.44306162
0.37869152 0.28750965
0.38065773 0.4274068
0.3682348 0.43036988
0.37815434 0.32199225
0.28453052 0.13424923
0.38163275 0.37689376
0.36983275 0.44590244
0.36967677 0.41009316
0.37757194 0.36447188
0.37780654 0.38575673
0.40142232 0.4039947
0.36972633 0.42691478
0.38067323 0.3461817
0.37991685 0.38824606
0.39836127 0.381256
0.4146697 0.46181813
0.38419563 0.38352817
0.40175086 0.36469245
0.3791715 0.4367923
0.38927162 0.47505262
0.3962263 0.3127995
0.37318262 0.29005978
0.38043988 0.20562051
0.38636196 0.3867962
0.37814826 0.38870078
0.38624436 0.9404607
0.40358514 0.3548048
0.37786812 0.44101122
0.38555133 0.4178893
0.40805852 0.40379316
0.3780424 0.4074979
0.37690398 0.44433078
0.38624436 0.43562964
0.41382653 0.45861936
0.28626114 0.16334817
0.38225478 0.40076733
0.37961918 0.37076333
0.38974994 0.41437015
0.37655365 0.39686617
0.3725141 0.45355535
0.37830967 0.3099277
0.38869178 0.44164357
0.38930887 0.32913432
0.39468592 0.34908402
0.3795675 0.4219123
0.385728 0.38291484
0.38168705 0.3014043
0.374797 0.4211184
0.38659728 0.39917958
0.38671565 0.3591312
0.38608748 0.32604867
0.35675532 0.17900689
0.36671633 0.24653381
0.39804822 0.46798253
0.38851023 0.27915362
0.39307314 0.38269094
0.379003 0.41458187
0.3827579 0.38611132
0.37590796 0.39726743
0.37852395 0.4188863
0.37587196 0.45087394
0.38768697 0.39093372
0.37895185 0.3583093
0.37560385 0.08424008
0.376904 0.41696832
0.36799878 0.31326193
0.38661277 0.40138108
0.35832238 0.28328532
0.4074213 0.34461296
0.37883437 0.4025052
0.4068094 0.339822
0.40301704 0.45940804
0.38926345 0.32497367
0.36636686 0.18063927
0.37610263 0.34438616
0.41170424 0.3362067
0.3805858 0.63791454
0.38661367 0.3957753
0.28978884 0.17143284
0.37556016 0.43004844
0.3772514 0.2803246
0.37799275 0.39763016
0.39523816 0.37833536
0.37843108 0.39087498
0.36758146 0.37332627
0.38857132 0.30455613
0.4165709 0.2834553
0.38647962 0.4114131
0.37809807 0.67436075
0.3805701 0.35424086
0.37808955 0.45481175
0.37762392 0.3743426
0.41465968 0.20122264
0.35213917 0.43664515
0.37130946 0.42536047
0.38633102 0.33398345
0.3712333 0.4394771
0.38659722 0.38928425
0.37959033 0.29339173
0.3285911 0.17770039
0.3778391 0.28401327
0.39772236 0.39861265
0.38584906 0.1745725
0.33955777 0.36121285
0.38628358 0.40322924
0.3847251 0.43342894
0.39229894 0.8129537
0.41833663 0.1247214
0.37593234 0.37253118
0.38135213 0.4080557
0.37590072 0.4420508
0.39497727 0.37521505
0.39670056 0.37296975
0.37997955 0.40402645
0.36673826 0.510641
0.37864977 0.25711954
0.38522673 0.3916024
0.37559107 0.36008728
0.3804558 0.4424923
0.3793996 0.29975462
0.37926346 0.31790525
0.37652534 0.44472182
0.37593234 0.3843829
0.37882328 0.39613307
0.39698005 0.45559824
0.37220567 0.34483266
0.30871183 0.3606776
0.37220573 0.3976512
0.39872938 0.15315677
0.36684924 0.4082119
0.41228426 0.48163345
0.3870172 0.4607863
0.36902785 0.39636642
0.38632274 0.39009184
0.36608183 0.35697043
0.38918936 0.3475559
0.37964225 0.51593155
0.38604826 0.3566663
0.37695247 0.384202
0.41142732 0.28795353
0.3795675 0.36259785
0.39444208 0.4082522
0.38287258 0.413328
0.3838688 0.45658764
0.38495398 0.33832833
0.37728828 0.39972824
0.38637877 0.3890315
0.38019723 0.17211965
0.39872932 0.36419696
0.37663907 0.43133587
0.3668697 0.32559562
0.40080267 0.44682923
0.37798053 0.39045757
0.3696084 0.4406312
0.38481355 0.43991214
0.38901418 0.4225628
0.3779531 0.2555193
0.37800312 0.55362535
0.360398 0.38688314
0.40343982 0.46137884
0.37933397 0.40127924
0.3867762 0.4432692
0.38411844 0.36863092
0.37975746 0.42513415
0.37767422 0.25106722
0.37220573 0.48270866
0.3715461 0.54077744
0.40198177 0.43161902
0.37450874 0.34704667
0.39923704 0.42136922
0.39474803 0.45055845
0.39849645 0.7342944
0.37787265 0.3944257
0.37745428 0.40846723
0.37113428 0.40164024
0.38038558 0.34431073
0.30198961 0.14243276
0.3748808 0.3476486
0.3862207 0.35047576
0.37829396 0.40504262
0.3820039 0.41132438
0.37522155 0.38589266
0.3807609 0.41242492
0.37808853 0.47070235
0.3891831 0.329659
0.3667302 0.4098703
0.39318252 0.42328593
0.37791878 0.40317902
0.38673317 0.33722675
0.29436737 0.1531759
0.3779133 0.5714086
0.38901418 0.6266985
0.37564737 0.2533474
0.38058573 0.62000734
0.51814485 0.578704
0.37758845 0.42043248
0.37801093 0.27603468
0.2940675 0.14530638
0.38431954 0.37527397
0.37866554 0.37799516
0.37666953 0.4368209
0.38668436 0.385815
0.3914699 0.4464156
0.37012982 0.38887757
0.37800515 0.43121353
0.37813818 0.38336474
0.38097638 0.34710297
0.38663793 0.36499032
0.37034363 0.32601804
0.37611234 0.44314787
0.39883035 0.42659187
0.35407552 0.5708824
0.38682944 0.40894768
0.37086254 0.41530016
0.37725145 0.3941047
0.39304793 0.42613286
0.3768068 0.3949406
0.3879553 0.65354526
0.38297993 0.37429136
0.36692297 0.60769486
0.3795637 0.37335613
0.3862443 0.40158013
0.3874266 0.2945223
0.38097644 0.3649427
0.28615284 0.13686766
0.37012982 0.35793027
0.38009346 0.44943506
0.36603433 0.39439702
0.37992626 0.50440484
0.28412616 0.16874522
0.37660068 0.41957456
0.38336277 0.13691236
0.37635982 0.39628562
0.3792553 0.37843236
0.3789128 0.09814038
0.38239115 0.39321077
0.40223336 0.4189963
0.3795675 0.74831194
0.37892562 0.3177522
0.3685572 0.46595368
0.38618553 0.39773837
0.37891042 0.4234386
0.3882488 0.47211263
0.41866052 0.40422884
0.344916 0.11842844
0.37688005 0.40733397
0.38278562 0.33276027
0.36673826 0.38279992
0.36737972 0.22099467
0.38640118 0.41600412
0.37022215 0.4307645
0.35410547 0.16438119
0.37190932 0.4556342
0.28594738 0.4292444
0.39872938 0.4102796
0.34148538 0.4892405
0.3783325 0.3606244
0.37577295 0.40028638
0.37886482 0.392007
0.36996937 0.40002808
0.39749825 0.41098595
0.39607525 0.5305508
0.37733746 0.40198156
0.37322968 0.43993196
0.37733325 0.28400165
0.38889647 0.39535433
0.36673743 0.28515196
0.41833663 0.31298748
0.39318866 0.6313359
0.39091694 0.4326889
0.37166393 0.17099899
0.38848668 0.4906009
0.36859018 0.37851617
0.3810606 0.38881403
0.3786484 0.4002053
0.41899568 0.4162528
0.38785833 0.30027705
0.37589848 0.23431356
0.3941205 0.42251885
0.38234216 0.40242597
0.4117043 0.35567153
0.38397515 0.35545477
0.3814494 0.41972616
0.36692935 0.44249904
0.3793518 0.38522065
0.38006455 0.7031281
0.37691027 0.3688464
0.3763371 0.41624779
0.38092762 0.42646
0.37058395 0.4218543
0.37603432 0.3742485
0.3777792 0.23734331
0.37471086 0.42817467
0.37220573 0.41511694
0.3665061 0.2210669
0.37220567 0.43981445
0.37934119 0.40059522
0.3763459 0.41547468
0.376904 0.3941253
0.3865152 0.4087195
0.37752968 0.26897883
0.38297993 0.60257095
0.3792292 0.4216872
0.36689305 0.3290901
0.38589138 0.43430346
0.36983275 0.34604657
0.37596098 0.37250465
0.3901428 0.45210114
0.3868382 0.42174333
0.3777596 0.4104335
0.38645524 0.4322699
0.37869328 0.40272206
0.3637241 0.28179103
0.3759637 0.42292538
0.3939749 0.40894488
0.36192742 0.40834743
0.40039116 0.17864501
0.38884246 0.431616
0.3779357 0.36793923
0.38145697 0.34957358
0.37568793 0.12790567
0.36859018 0.4344947
0.37742168 0.40357918
0.37663758 0.3534761
0.3868382 0.38574132
0.3790853 0.27715412
0.37593234 0.36793432
0.40074062 0.28069422
0.37690398 0.27200234
0.37429672 0.41699663
0.3806798 0.309267
0.37884545 0.42824244
0.37914187 0.5756365
0.37666953 0.40163735
0.37924075 0.4171145
0.41465968 0.38271517
0.36212814 0.21064119
0.37279212 0.4327183
0.37757158 0.29941154
0.37891477 0.41301012
0.31088513 0.33898818
0.37767917 0.42511415
0.32098642 0.4097146
0.38137823 0.30485383
0.36740643 0.37311953
0.3762623 0.43113533
0.37410364 0.42053786
0.37627208 0.4296676
0.38599867 0.36629808
0.3790183 0.60166377
0.37579915 0.29077712
0.3847251 0.37633824
0.3800404 0.43290776
0.37657845 0.30239135
0.41465968 0.48042575
0.3758248 0.38413307
0.39304793 0.43220344
0.40287685 0.49846363
0.36099046 0.37988612
0.38089496 0.42727444
0.41983384 0.49345803
0.32884127 0.2900029
0.37920535 0.4027927
0.28427696 0.37739113
0.36696297 0.26973888
0.36265945 0.40882197
0.2925133 0.43256462
0.38611358 0.5496571
0.37964773 0.3814049
0.3777144 0.41113067
0.3591112 0.43890288
0.40986866 0.44229215
0.38616592 0.40579996
0.39283854 0.39000812
0.3969503 0.3991715
0.37403095 0.52462465
0.37141213 0.17736362
0.38454598 0.36667386
0.37123725 0.34449625
0.38297993 0.37598017
0.37853122 0.40621752
0.35948724 0.59954023
0.3792603 0.3742946
0.3983646 0.4649921
0.3798266 0.17356232
0.47188544 0.52747667
0.38646638 0.3842589
0.376904 0.42236036
0.3653153 0.36694837
0.37589884 0.39126825
0.38092762 0.3120456
0.38749307 0.43522125
0.38101387 0.39302838
0.38111174 0.4234979
0.39352286 0.3617941
0.37607318 0.86512417
0.38125426 0.24621081
0.39318871 0.36548004
0.36253673 0.3977683
0.37649363 0.37757397
0.3925733 0.39894643
0.38163507 0.4363353
0.386558 0.42644346
0.3790502 0.37474015
0.37691027 0.43548873
0.39872938 0.39282838
0.38100046 0.4131108
0.3864404 0.44901153
0.3685572 0.3874514
0.3888147 0.32870364
0.37834635 0.42352897
0.39627498 0.3768177
0.3881843 0.428486
0.3787164 0.42916712
0.37508354 0.35883662
0.39285064 0.3162117
0.38102555 0.25077102
0.37590188 0.4032218
0.38817406 0.4304769
0.40198177 0.41646343
0.37698442 0.26466945
0.3969503 0.38535094
0.37786746 0.7780059
0.39849645 0.37212363
0.37763065 0.36054292
0.37974668 0.24974044
0.42146695 0.46593267
0.39836127 0.5472212
0.38678515 0.41796112
0.39318871 0.36224994
0.3789025 0.43005705
0.36994237 0.46921378
0.41688424 0.4630306
0.37012982 0.4523109
0.396725 0.40887928
0.39373595 0.27978072
0.4170316 0.42151207
0.4180516 0.4086606
0.38583064 0.4959263
0.39923704 0.38886365
0.36725378 0.3903738
0.37449777 0.16982983
0.37780654 0.44652578
0.4847501 0.6972733
0.3787129 0.277902
0.357399 0.47911048
0.3780592 0.36108866
0.37600046 0.40778238
0.37690163 0.34107962
0.35312024 0.32343006
0.38476354 0.46469864
0.38040835 0.45406845
0.40024298 0.4001844
0.36711353 0.37542894
0.41238064 0.49452966
0.37758842 0.42896625
0.37810135 0.37387362
0.36685455 0.41215006
0.37741238 0.23506625
0.3794815 0.4266794
0.37545246 0.44357112
0.37598777 0.41852432
0.37817258 0.40343848
0.37787735 0.4056358
0.38780838 0.29717436
0.37571338 0.3925628
0.3771999 0.3888493
0.3863033 0.23698664
0.37657392 0.37779957
0.38792467 0.414093
0.37616652 0.4652614
0.38674098 0.34345892
0.37649828 0.40033218
0.30836338 0.11386342
0.38600904 0.585483
0.35752708 0.39364472
0.37843937 0.42911112
0.36540592 0.048243083
0.28545523 0.15895137
0.34208554 0.53974265
0.38163507 0.40883973
0.37610465 0.25857523
0.37660068 0.43559963
0.37276486 0.39540237
0.37806183 0.4503458
0.3890003 0.44507873
0.37360698 0.9375703
0.38624436 0.4189206
0.3732369 0.38354388
0.37892663 0.43484315
0.3723414 0.2423392
0.37952775 0.40311834
0.37892812 0.38763046
0.38463277 0.22937815
0.3767959 0.3494095
0.38583457 0.39517954
0.40301698 0.47756094
0.37927234 0.43297446
0.38869184 0.39064306
0.396725 0.43044657
0.35147047 0.5833646
0.3722454 0.40437707
0.3861071 0.40558925
0.2942078 0.15062605
0.40950263 0.4068671
0.37994564 0.21729364
0.36833793 0.3825335
0.4020477 0.4002962
0.37642467 0.33365113
0.36500937 0.47242582
0.38514054 0.4203551
0.37340719 0.42703804
0.38663644 0.38572365
0.3637401 0.41715077
0.37743905 0.43100566
0.39055806 0.40808883
0.3838076 0.68080854
0.3769781 0.017347256
0.3762297 0.02220277
0.38637877 0.4507529
0.3652196 0.45760754
0.4063183 0.21722831
0.47623557 0.74770945
0.3774106 0.2445565
0.38034552 0.43595752
0.3417009 0.4171995
0.3666938 0.38730082
0.39872938 0.43442133
0.37814823 0.42515397
0.374798 0.48675177
0.36680377 0.4067648
0.37397504 0.39193
0.37889606 0.2965195
0.387982 0.975842
0.3839354 0.36155108
0.36673975 0.3529645
0.41347313 0.34574938
0.3900094 0.49132854
0.42276692 0.42512247
0.3760273 0.40256384
0.37478268 0.47693923
0.37590188 0.32389873
0.3737188 0.18382561
0.3989097 0.5107198
0.40890002 0.49546954
0.411605 0.42947736
0.37992626 0.42394552
0.39638358 0.38590166
0.38677943 0.43210775
0.36858028 0.5337216
0.3911571 0.19999024
0.37632126 0.27126384
0.37843364 0.3980166
0.38901418 0.41836512
0.3928544 0.61622506
0.38043982 0.35460457
0.38553834 0.28377834
0.36968696 0.40447733
0.37130946 0.3808663
0.37834552 0.42861193
0.4106338 0.47253352
0.3788988 0.38433814
0.37843174 0.35160393
0.41544724 0.21718782
0.37625772 0.39623985
0.37803888 0.3980215
0.41783607 0.4856913
0.37898368 0.38230363
0.36700338 0.26821327
0.3743173 0.27610183
0.39646888 0.44955516
0.3866858 0.4189927
0.29042912 0.298556
0.37852392 0.42579886
0.36099058 0.37423852
0.3867541 0.41715863
0.37627208 0.41822797
0.37820238 0.39529404
0.37161857 0.43783364
0.37112617 0.40696323
0.38402677 0.24810955
0.37649828 0.659632
0.3765403 0.4050783
0.3820694 0.4063657
0.37793744 0.4155588
0.38200223 0.23041087
0.38496858 0.42665625
0.37455642 0.018654311
0.39762193 0.40361655
0.37799272 0.92592776
0.38039953 0.4510601
0.3789804 0.41035798
0.3889178 0.98137224
0.38557738 0.38664863
0.37784815 0.44423088
0.38130724 0.4206289
0.38585544 0.4244396
0.38589853 0.429893
0.3821196 0.41138065
0.38976985 0.3493531
0.37792593 0.5072587
0.28456256 0.12666172
0.38030815 0.43755838
0.3752021 0.44403344
0.36859012 0.43735385
0.36178917 0.42511415
0.38665605 0.4127425
0.3780051 0.42351013
0.38706994 0.3817765
0.3979869 0.17451558
0.39229894 0.23711453
0.37840456 0.07926443
0.37415308 0.28544804
0.36765826 0.18471982
0.3782856 0.4421174
0.3796683 0.13746908
0.51597023 0.5359136
0.37750834 0.30810434
0.3792402 0.39291516
0.37571496 0.3934884
0.37873477 0.39100587
0.37621576 0.2764875
0.3792402 0.253231
0.34077471 0.4269807
0.39470726 0.34297842
0.39346063 0.44572333
0.38615435 0.41253194
0.37343028 0.4193102
0.3779993 0.32977253
0.3571257 0.29054558
0.37833095 0.40337908
0.39500117 0.38574904
0.39301604 0.22156125
0.39918643 0.3964989
0.3756554 0.43969375
0.3793211 0.3746769
0.37891102 0.41408306
0.37623018 0.44671887
0.3813975 0.3705387
0.3879035 0.37741044
0.3824759 0.47535345
0.31868273 0.35745764
0.3905456 0.34655747
0.37888813 0.40455902
0.3814494 0.39302585
0.38297993 0.41766447
0.40912545 0.4754316
0.38185352 0.22332454
0.37543622 0.3923549
0.3669964 0.019244889
0.3897699 0.3882187
0.3670696 0.36828834
0.39768827 0.37958014
0.37624657 0.38491115
0.3760004 0.3469683
0.37751824 0.3894081
0.38628358 0.9450542
0.38076907 0.30425268
0.37598777 0.41617176
0.37593234 0.41534373
0.37903404 0.3745292
0.3799556 0.38810802
0.3855613 0.3658662
0.36859018 0.36158988
0.38700414 0.33486447
0.32905167 0.18094197
0.3712116 0.39329934
0.36684704 0.40180767
0.38639235 0.40177956
0.3757481 0.3474759
0.3793947 0.38504958
0.41238064 0.47256988
0.28726116 0.20924763
0.39711064 0.42345506
0.37650502 0.46904773
0.3779443 0.35619673
0.36680377 0.41257232
0.37621576 0.47694024
0.3889178 0.36554325
0.3779335 0.39755863
0.38677943 0.37179744
0.37835777 0.55314004
0.37745017 0.37047863
0.38659722 0.422643
0.38116926 0.4353049
0.36686963 0.38866043
0.39771825 0.44991636
0.2956704 0.13411537
0.37806183 0.35200056
0.37795168 0.4145157
0.37554908 0.28511903
0.36722973 0.4078766
0.37430465 0.4470282
0.37681413 0.43108192
0.370406 0.459605
0.380763 0.4603817
0.29077196 0.16665334
0.37270746 0.4200065
0.36098832 0.28885868
0.3969503 0.44287467
0.37534398 0.2943703
0.40595508 0.4351847
0.3969503 0.39380535
0.3772514 0.4308641
0.3871112 0.457091
0.37791383 0.36915827
0.37510645 0.85247135
0.40175587 0.47034022
0.37975746 0.59463125
0.37934 0.48128334
0.37977558 0.35164347
0.37848854 0.26463917
0.39842564 0.4444671
0.37812313 0.37294567
0.38468456 0.37880343
0.37786123 0.39342046
0.4079572 0.47662106
0.37323692 0.39374205
0.37382537 0.44548494
0.39591622 0.4766303
0.3871112 0.6329236
0.37872806 0.41347787
0.37786287 0.3957396
0.37323692 0.46374664
0.377492 0.4607424
0.3808477 0.24341512
0.36162204 0.47731242
0.37870038 0.27545705
0.37589493 0.41394868
0.38848668 0.45270008
0.37318262 0.41961592
0.3959601 0.35975185
0.38222432 0.43708706
0.3732369 0.51433915
0.39399946 0.46417898
0.36459178 0.29630148
0.38096708 0.39133972
0.3667694 0.37938106
0.3787164 0.41710693
0.37869334 0.42702043
0.38592088 0.25906852
0.39055812 0.40689778
0.37626076 0.41740137
0.39711255 0.39540505
0.46775097 0.5941101
0.37660068 0.8227077
0.39601958 0.29185617
0.37345195 0.32251552
0.41717798 0.4709255
0.41727817 0.47784933
0.37834477 0.4714884
0.38640118 0.6417359
0.39720088 0.2365081
0.37220573 0.41174376
0.37899876 0.32113367
0.3856113 0.424566
0.38073176 0.36527154
0.37110245 0.2500566
0.37628633 0.29504162
0.36972636 0.4401272
0.38103253 0.4177491
0.3767199 0.37091842
0.37591377 0.41432363
0.37628424 0.4405439
0.38706708 0.2895011
0.41336638 0.4550494
0.38635224 0.38156927
0.37770528 0.44472295
0.3930263 0.42079884
0.37798947 0.2851618
0.38158107 0.33761948
0.37863052 0.3646308
0.39823246 0.43264633
0.39589226 0.40726554
0.3687631 0.2512721
0.3807609 0.76959586
0.3779325 0.42165092
0.37795442 0.30362695
0.37890244 0.1634447
0.3775884 0.36610138
0.37665725 0.4199656
0.38000667 0.3959084
0.37922704 0.40987897
0.37951314 0.41198188
0.3858034 0.4053573
0.3792205 0.3637637
0.3929776 0.4471489
0.36708742 0.427267
0.3754629 0.4202386
0.38613725 0.59432846
0.37455606 0.40215954
0.3776744 0.39611155
0.37745786 0.37247032
0.37733322 0.041655906
0.32212943 0.40482295
0.39182746 0.47645
0.3791409 0.36994344
0.38682467 0.4005347
0.29848576 0.44845054
0.3779993 0.3295285
0.37603018 0.42248875
0.38718015 0.4527767
0.41703486 0.40806624
0.39297754 0.86488074
0.38957393 0.90518653
0.40254533 0.46113306
0.3760637 0.3766552
0.37471086 0.36205864
0.42313385 0.36524618
0.38908386 0.40565944
0.38662213 0.543044
0.37674087 0.18076673
0.37300366 0.48268425
0.388308 0.3684787
0.37199873 0.4162156
0.3865319 0.4241926
0.37125874 0.38258544
0.38906008 0.3942279
0.399157 0.39680806
0.3712389 0.38494202
0.37744075 0.3901489
0.41335332 0.4531611
0.38683897 0.6233356
0.38108873 0.8178944
0.4174475 0.37391695
0.37111992 0.3824871
0.3763038 0.36798772
0.3867753 0.4069463
0.360745 0.32455155
0.39711213 0.4146374
0.40061194 0.544381
0.36627746 0.3647937
0.3914528 0.42794764
0.38969523 0.3865347
0.40210706 0.4010151
0.3864404 0.3839387
0.32941836 0.38727286
0.3782882 0.29479262
0.3980431 0.44497734
0.38131016 0.3918642
0.39094877 0.3929835
0.37889737 0.2717872
0.36771613 0.3933783
0.38615435 0.5437337
0.36951557 0.4328015
0.37649828 0.42158848
0.3780194 0.28848836
0.39796287 0.3462082
0.37803888 0.38216218
0.36985695 0.35111824
0.39846718 0.2406154
0.37636 0.3947744
0.39945096 0.43657872
0.37725133 0.36739647
0.3764983 0.4268452
0.37397987 0.16533367
0.38289738 0.75740993
0.39467514 0.45706278
0.3759845 0.5967586
0.3587566 0.33595696
0.36801094 0.2494139
0.3704915 0.38184378
0.3697691 0.39288774
0.39229894 0.42874706
0.29286206 0.15062912
0.39386714 0.44932017
0.38759255 0.37839046
0.42194253 0.4225387
0.37776452 0.2990435
0.3871112 0.42065275
0.377603 0.39534324
0.38647407 0.4103551
0.38616592 0.41084304
0.4182815 0.4780914
0.37905222 0.6102416
0.376904 0.3484392
0.2852599 0.20962363
0.371095 0.43368453
0.37329796 0.34753475
0.37746292 0.2659162
0.37785214 0.39489675
0.37814826 0.36819956
0.378017 0.2985647
0.38928562 0.6461348
0.38661665 0.38323504
0.38053417 0.43051803
0.3988303 0.5631298
0.4167785 0.16834643
0.37591243 0.39187387
0.37633705 0.43765682
0.37582922 0.41622525
0.37876883 0.381555
0.39535213 0.4047499
0.41654742 0.046591524
0.38645083 0.2902828
0.3683563 0.08883126
0.3977223 0.4256892
0.4021253 0.28783143
0.38286978 0.21489026
0.3859269 0.3433539
0.38557738 0.2557482
0.3772514 0.37327245
0.37634277 0.39242214
0.39062095 0.42398205
0.36214066 0.47500145
0.389854 0.42077258
0.3761341 0.32634273
0.37966156 0.3609549
0.37504876 0.4010006
0.37649828 0.37319648
0.4039395 0.32955483
0.365667 0.40599877
0.38151914 0.58155715
0.38365334 0.41339108
0.38589072 0.40243727
0.38120222 0.35704437
0.37650895 0.37941504
0.40634912 0.46637228
0.39923316 0.38650253
0.38491458 0.43380868
0.3876869 0.77230304
0.36099076 0.3741514
0.38543952 0.41528183
0.38597816 0.3825578
0.37766647 0.48424116
0.38009346 0.38899848
0.40795666 0.48275647
0.39836127 0.42790774
0.41731697 0.11958125
0.3805995 0.27210453
0.37585232 0.41151285
0.36504734 0.3577577
0.3784514 0.35777587
0.37882143 0.45617977
0.3901428 0.42586103
0.39285868 0.44058
0.29803362 0.17244491
0.37923574 0.61213106
0.3789708 0.34358865
0.372034 0.44440308
0.38489103 0.36687997
0.37891483 0.40829554
0.37155652 0.2589876
0.37871867 0.38023865
0.3721938 0.3057561
0.3401668 0.45191634
0.3782969 0.41103595
0.4109977 0.45988482
0.37848842 0.42302766
0.3792956 0.27001163
0.38979596 0.41736814
0.38254166 0.41716307
0.35719758 0.27638733
0.3779195 0.38499707
0.38366473 0.4086907
0.376162 0.26253027
0.3867963 0.32742783
0.3029623 0.43983072
0.2899738 0.41695827
0.39512563 0.37890768
0.4168756 0.4146179
0.41512883 0.3603792
0.41598982 0.39214107
0.38211954 0.42209333
0.39695036 0.4433422
0.38234508 0.45674458
0.39045393 0.37890154
0.370443 0.3500464
0.38869184 0.3580202
0.38237017 0.36885536
0.36086592 0.2333111
0.38710672 0.413692
0.39720088 0.34526247
0.37546942 0.4454751
0.38067436 0.38486773
0.37975264 0.37864324
0.37877756 0.4177672
0.37454787 0.52842826
0.38009346 0.43749648
0.3301987 0.43064797
0.3811891 0.37688032
0.37890244 0.40194127
0.3866769 0.39403442
0.38084078 0.3841116
0.37025928 0.39166978
0.37756598 0.4199856
0.37869334 0.40107352
0.3810565 0.37240493
0.386558 0.3934847
0.3844424 0.38271642
0.37589496 0.42289788
0.38154674 0.32858053
0.37874445 0.5050432
0.39711058 0.4429974
0.37049145 0.31627318
0.37800002 0.40525678
0.37801766 0.40999824
0.39599907 0.40794337
0.38159835 0.38283965
0.3780424 0.41827708
0.32884127 0.41770923
0.38402677 0.40163457
0.38795525 0.3514898
0.36044103 0.2744269
0.3802328 0.44432703
0.38770777 0.36514974
0.41191554 0.45089227
0.392299 0.45404294
0.39847165 0.40096924
0.3043126 0.18851493
0.37444502 0.42749202
0.37892944 0.3520324
0.3713084 0.40946105
0.41754884 0.1916
0.38584912 0.4106479
0.37849492 0.38465518
0.4133746 0.4588605
0.39709204 0.2285564
0.39330363 0.39300305
0.36859018 0.41995808
0.3599893 0.43337262
0.3848722 0.37018925
0.37799272 0.41823462
0.38701987 0.43783897
0.38636196 0.41648453
0.36583868 0.6161315
0.37835777 0.29709458
0.37742168 0.41599727
0.3799169 0.37933606
0.37892482 0.2825281
0.3800134 0.40190825
0.37156022 0.60234267
0.3531593 0.668207
0.2896369 0.40373403
0.3866698 0.44073713
0.38329852 0.2606185
0.37756598 0.5447232
0.3780424 0.4207638
0.37818208 0.40298533
0.37536678 0.3458167
0.39964366 0.377488
0.38703358 0.36326578
0.37703747 0.23957708
0.37934119 0.43063986
0.38114244 0.43716374
0.41901284 0.43838423
0.30312967 0.10295404
0.37593234 0.4392572
0.38957387 0.38456833
0.3850389 0.41965666
0.37477505 0.42073217
0.3693476 0.36268973
0.37611607 0.22910057
0.3795675 0.40517417
0.37892148 0.387125
0.3844424 0.43260837
0.3810448 0.38870263
0.38863474 0.44279432
0.3854732 0.4230741
0.37883413 0.4522456
0.3788132 0.4443074
0.3798266 0.39160946
0.41598976 0.31345835
0.396442 0.4477395
0.39721495 0.46501517
0.39076322 0.44120082
0.40166348 0.3367878
0.3869602 0.28506
0.38135213 0.40455782
0.37921047 0.21221098
0.39737797 0.4669447
0.3772514 0.39065662
0.37770152 0.40388846
0.37775934 0.41486332
0.3759845 0.40278545
0.38589144 0.40561938
0.38097548 0.38275465
0.37583923 0.17790952
0.37779334 0.5414028
0.37691027 0.40062398
0.38565958 0.5353526
0.3953573 0.35246155
0.37858665 0.26835865
0.38666606 0.576331
0.38098413 0.30270892
0.40166348 0.2767225
0.3954851 0.41725683
0.38799322 0.45924652
0.38038647 0.40810096
0.37992626 0.44092295
0.37763023 0.26963425
0.3791378 0.38785467
0.38587773 0.41312942
0.3780592 0.36043182
0.39479423 0.3793717
0.31088513 0.38202202
0.38604826 0.40509525
0.37814826 0.4166852
0.38775396 0.1604284
0.3697864 0.46915022
0.39872938 0.25070894
0.38487226 0.4198424
0.37822378 0.5644786
0.39937985 0.41448647
0.37690398 0.22051455
0.41042155 0.47956634
0.37352347 0.48063445
0.37244117 0.37056458
0.37895066 0.44044676
0.394404 0.4442268
0.37579158 0.38319162
0.37992626 0.402929
0.3852268 0.3327201
0.38105655 0.33344573
0.37645358 0.29456425
0.39668298 0.37624782
0.3695156 0.35387674
0.3787953 0.35517412
0.39753932 0.40318793
0.36950836 0.3530007
0.41654736 0.26996693
0.37735835 0.43398932
0.3778733 0.43828693
0.3819241 0.4256302
0.37237623 0.39110932
0.37917906 0.3213415
0.41465962 0.41373622
0.37471956 0.4085624
0.41732103 0.45769325
0.38465935 0.63015425
0.4008652 0.436796
0.38135213 0.4245325
0.37892812 0.40498644
0.37881297 0.31446287
0.3738883 0.39340964
0.37827033 0.8444792
0.37544852 0.5434315
0.3864454 0.42496645
0.37498617 0.37988365
0.37403637 0.36183682
0.36692935 0.4280709
0.37238026 0.41448817
0.38171327 0.23040079
0.37910956 0.38364622
0.37531704 0.4050086
0.37476993 0.6635886
0.3859777 0.36960024
0.37654918 0.33307037
0.38628483 0.4144528
0.3866077 0.41972694
0.36390182 0.33371732
0.3787164 0.667471
0.3889178 0.8449549
0.37593234 0.3963479
0.37765685 0.3710536
0.36953235 0.44077784
0.3793155 0.38239273
0.37220573 0.27920648
0.35075742 0.4459885
0.38410336 0.4069697
0.39293534 0.21880014
0.3781845 0.16538441
0.3787775 0.35008454
0.37406296 0.39769733
0.28455782 0.1269285
0.2904291 0.340621
0.3725124 0.40201035
0.37640297 0.39457873
0.38895708 0.25191846
0.39872938 0.37490505
0.5032902 0.56341714
0.38553512 0.279855
0.37579215 0.6782109
0.38258427 0.43902794
0.37905204 0.42929086
0.2917096 0.15127866
0.36753833 0.2547882
0.39876425 0.48733774
0.3850457 0.40402988
0.3761546 0.2735715
0.37814826 0.42250508
0.37056807 0.38129777
0.418065 0.45430568
0.3795675 0.39401492
0.4197845 0.4754742
0.38410342 0.3711858
0.37800312 0.390817
0.3667302 0.43009737
0.38401246 0.36812586
0.38291633 0.43393174
0.2957235 0.16915162
0.38018113 0.43434057
0.37907124 0.37721226
0.39851058 0.4112344
0.3455081 0.484048
0.38924587 0.42425594
0.37865996 0.25204542
0.36381394 0.22343494
0.3778175 0.3933115
0.3807609 0.5552419
0.37817532 0.36474645
0.31404752 0.1563866
0.37720928 0.43570483
0.38697988 0.45768178
0.37823582 0.3651021
0.37852395 0.2817639
0.38118833 0.34188548
0.39152187 0.24073084
0.3778891 0.11822613
0.37854886 0.290388
0.39000225 0.28101614
0.37939274 0.37727398
0.39094883 0.43299943
0.3789025 0.4349198
0.3843223 0.41790992
0.37471086 0.41208506
0.38123977 0.39493126
0.3871112 0.31875882
0.3867762 0.40649915
0.37891483 0.4109339
0.4058923 0.40002376
0.37754154 0.31860372
0.38943976 0.41720322
0.37614137 0.2801683
0.39066738 0.36239684
0.39964366 0.4346703
0.2837885 0.47871614
0.42324567 0.6633477
0.39255065 0.29267365
0.38657266 0.6865074
0.37794977 0.3732508
0.39406514 0.41369727
0.38705784 0.40173852
0.37623018 0.24665754
0.38624644 0.37412968
0.3747493 0.41550404
0.39790535 0.40793267
0.39817417 0.3992683
0.38847035 0.4310373
0.38654912 0.6488518
0.37739557 0.40777478
0.31967556 0.13805547
0.37220573 0.42233026
0.35000232 0.48329106
0.37653607 0.40333086
0.37220567 0.4022974
0.36788714 0.4343056
0.4167179 0.45063862
0.37928724 0.25184107
0.38679957 0.4435266
0.39684337 0.40885603
0.3749769 0.38755438
0.29097056 0.40418285
0.37814826 0.41740447
0.37471688 0.40627638
0.37202227 0.35838228
0.3808599 0.19417955
0.3814894 0.46025845
0.366782 0.404718
0.38522393 0.21953304
0.36347038 0.13449432
0.41654736 0.26693308
0.37867552 0.4111664
0.39535725 0.78286904
0.35257405 0.48230234
0.37815148 0.35104594
0.3740961 0.3377872
0.38019943 0.41085726
0.3541308 0.39492983
0.38039708 0.2980788
0.38658065 0.3978397
0.37131995 0.3995085
0.41866553 0.16106991
0.3755225 0.47680447
0.39535737 0.37147108
0.38334656 0.40217632
0.36708742 0.3621953
0.38650292 0.40995005
0.3667302 0.3897891
0.37615657 0.29648638
0.38461077 0.41911864
0.39304793 0.52458686
0.3741991 0.39810258
0.41940838 0.4969563
0.3279289 0.14544943
0.39875054 0.2877614
0.37371877 0.4644936
0.38711125 0.40466318
0.38434267 0.3787792
0.34435445 0.38152465
0.39462513 0.5579739
0.3785268 0.3705336
0.38557738 0.43256125
0.38661665 0.35289338
0.4035313 0.4102476
0.39751786 0.46225587
0.3732606 0.39119387
0.37809706 0.09668622
0.40587604 0.47842568
0.39964372 0.4362903
0.40192294 0.43732306
0.38097644 0.31403652
0.37779337 0.26735485
0.36841825 0.45446452
0.38114244 0.42467394
0.37890247 0.2358704
0.2842931 0.42308807
0.37876505 0.26803443
0.37964225 0.43872386
0.39695024 0.39299724
0.38503766 0.462216
0.41382658 0.45380434
0.3871112 0.37266225
0.3809433 0.3590294
0.28675723 0.39501134
0.37847465 0.40492147
0.38588333 0.4041205
0.28947866 0.1727585
0.39791507 0.40295807
0.37409997 0.43278146
0.3792402 0.39535904
0.3792292 0.37964812
0.37479693 0.42148465
0.37756604 0.40807232
0.38043988 0.45341414
0.39330363 0.5082858
0.4198953 0.43537545
0.41835117 0.44638175
0.37234604 0.29829502
0.37604177 0.37766898
0.37687767 0.3523747
0.37662297 0.3140967
0.3308971 0.14558601
0.41598976 0.42087853
0.37796474 0.42051196
0.37673354 0.36533356
0.3776018 0.26509744
0.37056267 0.209247
0.3723396 0.3708394
0.38532257 0.36954644
0.3756662 0.46396086
0.401883 0.47064748
0.3772034 0.40161937
0.38259566 0.38620198
0.37465012 0.38644063
0.38914478 0.40132135
0.4182986 0.46788466
0.40142238 0.42570326
0.3807609 0.42447957
0.38897294 0.2487358
0.37175548 0.45237896
0.3810138 0.4256071
0.3795675 0.40706018
0.38362974 0.39658204
0.376904 0.40902933
0.38891256 0.112173475
0.37593234 0.42045876
0.38163507 0.42449263
0.37660533 0.45088854
0.39453912 0.42694336
0.3759845 0.39448217
0.37656695 0.3696758
0.38681865 0.3726209
0.41955024 0.45526257
0.37684512 0.12797359
0.37802637 0.3475088
0.38637877 0.38026395
0.4195115 0.34773934
0.34303206 0.48089656
0.3813585 0.28138024
0.38593066 0.36646828
0.37220573 0.3629716
0.3789804 0.41250008
0.37814826 0.35710195
0.37903398 0.778858
0.37599766 0.3474701
0.38901126 0.42328015
0.38108873 0.4064394
0.37937307 0.35671955
0.37576896 0.4354388
0.39644194 0.8649447
0.39964366 0.4320151
0.37638718 0.43043855
0.39332384 0.45741302
0.39768583 0.41739473
0.37800512 0.34125608
0.3779425 0.4200911
0.38671488 0.90032136
0.4054591 0.4031512
0.37941498 0.35153398
0.3766989 0.31033215
0.3013939 0.14683312
0.37623018 0.41340056
0.38297993 0.3929316
0.38596988 0.68035537
0.3798266 0.40374842
0.37928253 0.45784247
0.39765555 0.4366284
0.39352828 0.43391854
0.37071916 0.627902
0.38539928 0.26295248
0.3783744 0.6278575
0.3873108 0.37792376
0.37499964 0.23573689
0.3666938 0.46523204
0.39386714 0.44365042
0.3761665 0.46094647
0.38146853 0.40361685
0.37204206 0.40767908
0.3829581 0.09075573
0.3939551 0.48993236
0.39662427 0.42366454
0.40281355 0.40838
0.39386714 0.7820971
0.3791991 0.5216043
0.3712365 0.40258867
0.37857467 0.41855043
0.37839696 0.35899782
0.39922744 0.43189198
0.39383858 0.3509051
0.37220573 0.41962352
0.37691027 0.40635392
0.37172842 0.3056043
0.38108873 0.3750768
0.37813586 0.3747922
0.38726592 0.27293155
0.3583237 0.31674275
0.3733676 0.3859517
0.38621813 0.3863047
0.399157 0.41413668
0.40194023 0.29382917
0.3022039 0.19108935
0.38658375 0.54001254
0.38682944 0.35405946
0.34392416 0.41241005
0.37145793 0.42510286
0.32884127 0.4653809
0.41544724 0.21260223
0.38847035 0.5363066
0.38402677 0.3151866
0.39063102 0.4625978
0.375058 0.3894323
0.38589144 0.44421202
0.39297754 0.4033284
0.3777972 0.10081935
0.38628185 0.34919304
0.36099064 0.47645646
0.37921047 0.38204107
0.38418198 0.39027008
0.37130943 0.18746671
0.40032518 0.32947665
0.37939274 0.38787097
0.38092762 0.35054344
0.42321092 0.40993616
0.34587926 0.4248919
0.3805669 0.45411265
0.41737962 0.40955597
0.37470362 0.42268243
0.39314175 0.42103952
0.38464814 0.39641026
0.3780424 0.35677275
0.37988633 0.42315567
0.3794403 0.4981343
0.37473738 0.19664082
0.37403214 0.39170733
0.38131016 0.42945468
0.38780266 0.38736266
0.3365324 0.16806746
0.38167435 0.14688893
0.38092762 0.38484815
0.37386033 0.27913126
0.37852392 0.822284
0.3635805 0.24256924
0.39461118 0.42531228
0.37600034 0.4404016
0.39849645 0.45202816
0.37813818 0.39361176
0.37937647 0.39549232
0.3984676 0.39607385
0.36130697 0.19897234
0.36303747 0.18268621
0.3791796 0.42040637
0.3762675 0.36938274
0.3999372 0.31858578
0.41615677 0.45918226
0.37899494 0.4845905
0.37620872 0.360201
0.3753609 0.5109456
0.3847251 0.47162524
0.38577908 0.35023925
0.41928643 0.47231156
0.41784722 0.46431226
0.3761853 0.42873216
0.38632274 0.38791358
0.37455606 0.39679345
0.37657169 0.25561592
0.40742123 0.24949786
0.39768583 0.3743521
0.37755787 0.40939716
0.37877536 0.57581836
0.39352417 0.40162778
0.38600904 0.41100472
0.3779988 0.3785912
0.38901418 0.42053637
0.36785293 0.3738323
0.35592264 0.257807
0.3754272 0.117047854
0.3874333 0.4429653
0.39915705 0.43873832
0.37803888 0.27955902
0.38644457 0.40664202
0.38739932 0.44005248
0.37622714 0.4067565
0.39351052 0.60529
0.2917096 0.15248214
0.2907884 0.4904805
0.37699756 0.36041465
0.38019353 0.37662464
0.37590188 0.3767446
0.37837368 0.8992002
0.3766007 0.4172164
0.3807885 0.3921193
0.39630562 0.20596729
0.37519985 0.15767825
0.37478432 0.3662543
0.3617434 0.39377266
0.37044197 0.25880653
0.3780825 0.37964272
0.3715394 0.52854204
0.3735199 0.39506254
0.37673092 0.15886146
0.37393785 0.0072785295
0.3779902 0.43396878
0.41361457 0.14115646
0.36808747 0.42921156
0.3896544 0.34322393
0.379094 0.3371557
0.3809268 0.40504438
0.37631518 0.41907606
0.38656086 0.35354096
0.37738872 0.42737815
0.3810606 0.40139726
0.4200312 0.47587037
0.35581875 0.44788522
0.31366235 0.36419585
0.36919266 0.42552087
0.3969503 0.6065132
0.37649363 0.41882417
0.39332372 0.45772174
0.38901424 0.44105968
0.37636435 0.41838276
0.37589535 0.25377175
0.3958432 0.47263387
0.36871225 0.36743006
0.2957235 0.17569007
0.37832844 0.40741688
0.37795168 0.29712212
0.3771548 0.37734857
0.38083267 0.41988662
0.382244 0.3769187
0.3586247 0.32655445
0.37884545 0.77748334
0.41722792 0.40437075
0.37927032 0.45019993
0.28504336 0.18586153
0.37627208 0.41644672
0.37310052 0.61139035
0.37889224 0.10151332
0.37746388 0.34994823
0.39720088 0.42406172
0.3880638 0.45628127
0.3787076 0.5683432
0.3768141 0.52176607
0.38507426 0.4293336
0.38589144 0.64992034
0.37513107 0.39364192
0.3685572 0.41991365
0.39332372 0.4828046
0.3868382 0.3862545
0.393048 0.36569908
0.3810565 0.3518672
0.40121418 0.43920776
0.37840456 0.3834006
0.37709615 0.11545805
0.37589738 0.3761463
0.36738628 0.52911097
0.37927204 0.28396544
0.38584912 0.41975838
0.3689044 0.4723334
0.39285445 0.35206974
0.31231168 0.40935984
0.36686963 0.5714672
0.38094115 0.41243064
0.37318262 0.43900728
0.37589723 0.40813735
0.37599868 0.16795652
0.41747433 0.47875646
0.40178448 0.2486928
0.39229888 0.30996078
0.37593234 0.32063562
0.2878681 0.41686
0.37703747 0.40791336
0.42054355 0.39706776
0.38133323 0.40768078
0.39445907 0.45529673
0.35524148 0.48176828
0.37874424 0.3965762
0.37921238 0.4180188
0.37349325 0.29506338
0.3729177 0.41512918
0.3983612 0.4282684
0.38585216 0.43812776
0.41833764 0.3530228
0.3916608 0.45339236
0.37832457 0.38211474
0.38566238 0.43330646
0.39601952 0.37933916
0.37203896 0.35739803
0.36825103 0.48183793
0.37853462 0.3348444
0.41361457 0.17688611
0.29742718 0.15497275
0.37693632 0.39796525
0.35351437 0.5780282
0.380871 0.20094001
0.37799883 0.4080866
0.3670082 0.35112467
0.37708917 0.5795445
0.37210768 0.43030235
0.31008434 0.13460124
0.37649816 0.44551826
0.37827644 0.3533521
0.37809095 0.43115157
0.28487003 0.19114602
0.36086953 0.41038966
0.3983612 0.3965255
0.37292677 0.4731441
0.37641093 0.29849282
0.37848842 0.58490974
0.39098835 0.42313665
0.39687282 0.35901317
0.38585222 0.41446975
0.37925518 0.29834074
0.38365334 0.43802953
0.37590075 0.4147718
0.38624436 0.41150612
0.39229894 0.39475766
0.3951614 0.39572272
0.376269 0.3842852
0.3881843 0.24119544
0.37840104 0.39359084
0.412817 0.4872393
0.3886152 0.43730494
0.37220573 0.36703527
0.38674098 0.37495542
0.3765595 0.39498562
0.3783428 0.2780958
0.3861435 0.4141104
0.3866853 0.3617207
0.37792003 0.40259948
0.3527428 0.4332397
0.37749583 0.26406512
0.38588786 0.3839107
0.36241424 0.4694703
0.38768697 0.41723362
0.37812877 0.43123615
0.3808273 0.34507725
0.3959939 0.116695926
0.3809458 0.38763937
0.3779259 0.2455308
0.41747898 0.3216779
0.38881922 0.39905694
0.3667742 0.38076192
0.38826287 0.4513963
0.4104615 0.35108972
0.3867541 0.39536944
0.34089863 0.132783
0.37505472 0.45259005
0.37472335 0.47280067
0.36311302 0.4038714
0.3623029 0.36990866
0.3761853 0.4046252
0.38223648 0.41724965
0.3647663 0.6763265
0.3779206 0.30002436
0.37861842 0.42967075
0.37799993 0.39303243
0.41672975 0.45145974
0.35295326 0.4724621
0.38604826 0.40802163
0.3792135 0.48132887
0.39846766 0.3651356
0.31633908 0.10937727
0.35764807 0.46304518
0.37130946 0.2912988
0.38593066 0.53366286
0.37869334 0.35556805
0.38131016 0.38851917
0.36890918 0.39152938
0.3779321 0.3832839
0.39331573 0.27717304
0.4054591 0.26030812
0.38651675 0.5330225
0.4183681 0.46349245
0.28865075 0.14710116
0.3790633 0.45973682
0.37831277 0.4218865
0.41937464 0.47481662
0.4137888 0.36240354
0.37429142 0.5600703
0.31748998 0.39754087
0.37782907 0.23816119
0.36609304 0.4437019
0.37590712 0.38482347
0.37598455 0.37304938
0.39254147 0.41235635
0.38204288 0.21889645
0.38476384 0.442493
0.37903398 0.93305403
0.3788249 0.3665493
0.37889674 0.4059768
0.3690524 0.39765567
0.38086712 0.4169351
0.3792292 0.40607354
0.38682944 0.38534573
0.39500117 0.7697814
0.3792402 0.63045967
0.28548604 0.1858165
0.39318871 0.7429131
0.3758639 0.40505624
0.37633708 0.40662748
0.3793074 0.36027604
0.38688767 0.15678316
0.41765958 0.33041614
0.37920535 0.294746
0.3762403 0.2750339
0.37631047 0.38455272
0.37083298 0.3782002
0.37691027 0.40716007
0.38092762 0.3836896
0.34491596 0.23636483
0.412817 0.48212808
0.3811891 0.42333078
0.3788345 0.38897964
0.3779732 0.17785259
0.38465542 0.46528822
0.41833663 0.3539711
0.36998922 0.27505547
0.3989846 0.35963708
0.3797801 0.41100082
0.28579813 0.21287768
0.37757295 0.36779973
0.3885553 0.114060655
0.3759877 0.34385264
0.39103907 0.38113406
0.3667903 0.3822262
0.39849645 0.37355566
0.37633705 0.19264042
0.36252302 0.6911263
0.2841274 0.14293873
0.3791811 0.48364574
0.3864622 0.40123367
0.38649923 0.3996853
0.37652537 0.42256168
0.39520192 0.4653276
0.39696085 0.356112
0.38103503 0.41855806
0.38605338 0.38801724
0.40527976 0.17346865
0.37589878 0.386489
0.3673041 0.30177882
0.38279492 0.38417134
0.38644403 0.404861
0.38976985 0.3959002
0.3667302 0.4217107
0.38647527 0.27128565
0.37890708 0.3902074
0.37722248 0.4005155
0.37681407 0.37103483
0.37660533 0.22556022
0.37712914 0.41459906
0.3787927 0.37587932
0.37830323 0.40612605
0.3934558 0.42100102
0.35596442 0.37887698
0.37348306 0.3759978
0.37674344 0.38655624
0.37833762 0.33987656
0.38672304 0.4161953
0.37877753 0.42747274
0.38659722 0.34811655
0.38924587 0.74942684
0.38365334 0.39173797
0.3862679 0.37015086
0.37981522 0.4113856
0.3759845 0.37826872
0.3907447 0.38777664
0.36699283 0.42143002
0.36338073 0.23565519
0.37943447 0.41350847
0.37801522 0.38571864
0.37660068 0.42884627
0.3776626 0.27307028
0.39015025 0.4117706
0.37014383 0.24928439
0.37803078 0.39162087
0.29606038 0.15433387
0.38039696 0.30533344
0.376297 0.41276908
0.40301704 0.45907068
0.37940615 0.26192906
0.38557738 0.42028108
0.3927682 0.4669195
0.37145793 0.40633556
0.38655806 0.5410834
0.41544724 0.21235752
0.39790535 0.40965748
0.39663672 0.44773927
0.37827033 0.44082016
0.39125055 0.38562796
0.3785204 0.29335964
0.36914578 0.4552981
0.3750043 0.16965914
0.41216248 0.49173948
0.37598777 0.47811466
0.38555133 0.42312655
0.3567816 0.44720402
0.3801406 0.3946149
0.38765603 0.38402775
0.37533438 0.3835949
0.39219832 0.42310685
0.37498137 0.44394943
0.3812129 0.36294824
0.29317188 0.4007549
0.37565982 0.46490434
0.4021572 0.57438797
0.37623018 0.38145956
0.37928003 0.45880267
0.3659215 0.28903353
0.38070107 0.37350422
0.3778675 0.40714577
0.37687606 0.314521
0.36771613 0.40235838
0.36686963 0.40348333
0.39563906 0.45675266
0.3971849 0.036895107
0.39004242 0.30359298
0.3149513 0.47523147
0.28978884 0.16729389
0.39861274 0.38241866
0.38092762 0.39252198
0.3796569 0.23031308
0.38645267 0.5558913
0.3765399 0.40963686
0.37817082 0.39795044
0.3760624 0.3050629
0.3778675 0.31315383
0.3865953 0.40017796
0.4148798 0.4799725
0.3732496 0.4895686
0.38372743 0.31847325
0.38174278 0.4521844
0.39346063 0.4335446
0.3955263 0.3706551
0.37436515 0.3391133
0.3663971 0.2506687
0.38664925 0.39595154
0.41765726 0.43087444
0.36698645 0.36166498
0.3973729 0.3353633
0.3983612 0.4294711
0.3953573 0.40848616
0.37690395 0.43188214
0.39500117 0.40897983
0.3922426 0.38098323
0.39075708 0.34340367
0.38682944 0.6351349
0.37632656 0.31621742
0.38067555 0.34415576
0.37803888 0.8741882
0.3795637 0.8506315
0.39722037 0.46028668
0.38297993 0.4124884
0.37961286 0.4170374
0.37742037 0.31843606
0.3821196 0.34898138
0.37992626 0.4099424
0.37976605 0.40086836
0.38940042 0.48833752
0.37589496 0.40319124
0.3827818 0.3490901
0.43599677 0.6611428
0.39915705 0.405337
0.38622224 0.38578966
0.41465968 0.49260834
0.37852395 0.42527416
0.37849796 0.405187
0.37815106 0.2563724
0.37849385 0.39744228
0.3567341 0.3960219
0.37903208 0.4679171
0.41626227 0.4603713
0.38650733 0.38041216
0.39872938 0.40323594
0.3953573 0.38846225
0.37589884 0.44406322
0.39886916 0.45535934
0.3747748 0.37048835
0.2917096 0.387443
0.38023043 0.48838258
0.38589144 0.40449506
0.3708625 0.34388757
0.3816142 0.48345664
0.37645358 0.37273517
0.37831518 0.26643124
0.37312454 0.29495454
0.377566 0.41573057
0.37799007 0.44023648
0.37884548 0.29416463
0.37767208 0.40691316
0.37598446 0.39744523
0.378448 0.37328243
0.3950011 0.41520432
0.38168687 0.21460567
0.2973436 0.14624442
0.37660068 0.41967353
0.37921113 0.3874412
0.37252986 0.41457683
0.3810606 0.764424
0.36652893 0.31956643
0.36680377 0.37928647
0.37799272 0.39684534
0.3786903 0.28758496
0.3761665 0.44116497
0.38791424 0.36150077
0.37590188 0.35662183
0.3578964 0.47578558
0.39645594 0.41505075
0.37617618 0.35320812
0.37725204 0.11171065
0.37676907 0.35372317
0.37767208 0.43048787
0.42276686 0.4541639
0.39644194 0.40016633
0.37559417 0.26355234
0.37920773 0.20519713
0.37873515 0.27842814
0.37794214 0.33643562
0.37645942 0.21999116
0.37832665 0.24559774
0.37486428 0.40135413
0.37839347 0.40400103
0.3803779 0.32106572
0.3596242 0.26261154
0.37647647 0.3862036
0.40299684 0.58732504
0.3669272 0.33257106
0.37483215 0.3687307
0.40287685 0.21926498
0.3782404 0.39838225
0.3973077 0.3960921
0.39440405 0.4539798
0.37220037 0.27514604
0.38983262 0.3559352
0.3797626 0.27084106
0.3855495 0.31029788
0.35529912 0.3544766
0.37674296 0.40751672
0.37681377 0.43546215
0.34893465 0.4660757
0.3849724 0.29243702
0.4133476 0.4732199
0.39655733 0.44832745
0.37702554 0.4319065
0.4141968 0.59558934
0.3339731 0.1486275
0.37622666 0.3909085
0.39297754 0.42898917
0.39288706 0.22761677
0.36407274 0.27856797
0.38170832 0.18531346
0.37238026 0.1733614
0.3750043 0.20593771
0.3950011 0.24296547
0.34641832 0.4636329
0.37345195 0.3550264
0.3866698 0.40511328
0.38874924 0.23212485
0.3821048 0.08766733
0.37589395 0.43770286
0.37827802 0.12667897
0.38096845 0.41683707
0.3795675 0.3970199
0.37571663 0.23440047
0.37395608 0.11266147
0.37471086 0.41351253
0.36687392 0.39920497
0.32066596 0.47653466
0.41418642 0.4398421
0.3811407 0.45962095
0.37941045 0.386881
0.3604996 0.39777866
0.36680377 0.38253045
0.38114244 0.43026477
0.37508786 0.59807646
0.36889255 0.30991653
0.38669455 0.45419636
0.3862182 0.3609341
0.38107902 0.42432418
0.38700414 0.43133953
0.37848836 0.4335366
0.3720829 0.33417663
0.3780846 0.42340007
0.3761665 0.45956832
0.38279277 0.4223608
0.3750407 0.4773213
0.37281585 0.16356201
0.3953573 0.5132273
0.39695036 0.40135893
0.37975752 0.6026036
0.37756276 0.47812936
0.37819195 0.46738037
0.37663376 0.38427505
0.3767569 0.41692376
0.3809902 0.38358286
0.37659544 0.4137312
0.38108873 0.8590948
0.3786102 0.40586063
0.37975746 0.43450516
0.3953573 0.44542867
0.37877756 0.35126656
0.39669663 0.39559597
0.3840379 0.42357624
0.38069338 0.40021804
0.36627823 0.35649255
0.37909752 0.3419062
0.37086254 0.4067995
0.36936188 0.48427048
0.3907708 0.36721858
0.41525263 0.3587597
0.3936149 0.3674489
0.38700414 0.33926493
0.3621127 0.19935055
0.37593234 0.39341566
0.37568092 0.41244045
0.38648182 0.375565
0.3976556 0.37446058
0.3771606 0.40184897
0.37905014 0.65360755
0.38365334 0.36811933
0.41335338 0.21722826
0.38579988 0.4129934
0.37511295 0.41595906
0.3418782 0.25349694
0.37900054 0.5872864
0.3952617 0.43501836
0.37835807 0.35819227
0.4125746 0.40654418
0.38597333 0.35218346
0.38076162 0.33151218
0.36741018 0.32579166
0.37645358 0.37161788
0.37411034 0.34797898
0.39430714 0.24419367
0.37812477 0.4224803
0.39126515 0.45037806
0.37813818 0.42443013
0.3788643 0.3817341
0.38317233 0.4083358
0.37779337 0.3971401
0.38611364 0.3817456
0.29766643 0.16466874
0.37773734 0.26441118
0.38683248 0.4170456
0.3779645 0.39079806
0.3810606 0.42601717
0.3973177 0.4356696
0.37792593 0.42304736
0.3828128 0.46886498
0.40235388 0.29678208
0.37590075 0.61385053
0.3816142 0.29915997
0.40407276 0.42814094
0.36708742 0.39690837
0.3763564 0.43328115
0.36929232 0.22768766
0.41158456 0.43288577
0.39724094 0.49818686
0.37802184 0.43071136
0.37256217 0.16136266
0.41037476 0.45021614
0.37660074 0.42132327
0.3915422 0.4138861
0.3640887 0.34344956
0.3768906 0.05657372
0.3779133 0.4274595
0.38108873 0.40750417
0.37766647 0.6524059
0.3807609 0.44942585
0.38562113 0.2972592
0.37775087 0.4280425
0.30871183 0.38672045
0.3736241 0.21044666
0.41117615 0.42723572
0.39254147 0.34264174
0.3786981 0.42703828
0.3759082 0.39994583
0.36740115 0.4011217
0.39126515 0.43894535
0.3773073 0.44860932
0.37888622 0.22572984
0.37651664 0.2806067
0.377378 0.41384307
0.37806183 0.42225173
0.36680377 0.39765418
0.37633508 0.38052627
0.37780654 0.39976373
0.39656067 0.43987867
0.3787055 0.40634182
0.37633967 0.43733206
0.37595442 0.42550758
0.37817723 0.42330274
0.37607318 0.39832923
0.40187407 0.44364348
0.3685572 0.42416167
0.39187026 0.3546142
0.3767774 0.6026897
0.37597656 0.41568235
0.37799883 0.48662624
0.3876869 0.39683744
0.39254147 0.366145
0.38663644 0.36467105
0.3754863 0.38723567
0.37691027 0.435728
0.28456256 0.13350275
0.3779988 0.38666567
0.37875104 0.47666004
0.3758949 0.4206985
0.37801397 0.4345756
0.38711947 0.49083748
0.38848668 0.38310805
0.3787055 0.42836708
0.39285445 0.36101708
0.39262736 0.36735144
0.36694145 0.39820102
0.3969903 0.3971884
0.37566125 0.3963735
0.39845437 0.39989868
0.38876933 0.34440297
0.37961286 0.45487237
0.37732774 0.40951598
0.36854237 0.063065566
0.3953573 0.39291197
0.37852964 0.38253883
0.37768173 0.40888444
0.37905014 0.33651108
0.37891483 0.43734023
0.39346063 0.2722199
0.39536583 0.44105884
0.37337637 0.38475615
0.3759732 0.23706315
0.3769005 0.447927
0.3787654 0.3400568
0.39850986 0.36219326
0.3901021 0.40044117
0.39837694 0.41274375
0.38620514 0.3790008
0.3964584 0.44749838
0.37798053 0.2876217
0.38236362 0.39682102
0.36698005 0.3733093
0.3876869 0.41889074
0.3773772 0.21542437
0.38795525 0.24581526
0.43723023 0.53571147
0.38597286 0.4138634
0.37807742 0.35306117
0.38652605 0.42239562
0.378853 0.4697526
0.38669735 0.3787084
0.39993876 0.5009564
0.4142806 0.4805354
0.38429475 0.39113668
0.41390866 0.44547573
0.37521005 0.532388
0.39846975 0.3939257
0.3252956 0.409806
0.40566033 0.4692504
0.39352715 0.47593132
0.38718015 0.43396994
0.37012982 0.80500394
0.37959063 0.41424367
0.3969503 0.35653105
0.37834245 0.41825226
0.38082564 0.3006852
0.41546994 0.37912586
0.3543593 0.74695575
0.38101387 0.39187497
0.37811828 0.27794093
0.39846754 0.43815908
0.3777074 0.27166232
0.38468027 0.39814106
0.39314187 0.47057524
0.3737697 0.25736144
0.3771611 0.33813643
0.3965118 0.47646952
0.3728168 0.33042896
0.3734967 0.4342316
0.39091688 0.5329957
0.3759845 0.3470394
0.39662433 0.3906961
0.39509386 0.34405953
0.36673024 0.39717123
0.3789025 0.42504245
0.3812114 0.46364605
0.39717335 0.41738585
0.35027415 0.41000274
0.3917095 0.46517843
0.37220567 0.4132462
0.3765391 0.4223621
0.37798136 0.25818846
0.37806183 0.41660145
0.3786356 0.38277334
0.37344682 0.3757795
0.37621576 0.52649915
0.3266927 0.3515231
0.39711058 0.74352705
0.37790242 0.36486185
0.36708742 0.40163466
0.37961286 0.42202774
0.39011264 0.3602383
0.38651884 0.39100274
0.39619732 0.3470378
0.37733316 0.283461
0.38394684 0.37075284
0.3757587 0.29711434
0.36654449 0.3061747
0.3787164 0.6979101
0.37887293 0.41023982
0.3983752 0.43625817
0.38640285 0.42026523
0.377566 0.4115353
0.37065387 0.26234162
0.3758692 0.417138
0.38309252 0.44479033
0.3783697 0.42814192
0.38848674 0.3478441
0.37787735 0.64803815
0.38151562 0.22013341
0.36757523 0.286283
0.38035595 0.4048074
0.37589768 0.4046308
0.3709978 0.29809457
0.37795168 0.42416567
0.49063087 0.66263884
0.37428907 0.32036203
0.37660068 0.36088085
0.3762157 0.3672363
0.39062095 0.48140904
0.2839089 0.4232102
0.41961968 0.33113077
0.37786728 0.31256872
0.3601128 0.34374765
0.3802356 0.41574293
0.3858105 0.37361208
0.37906814 0.080344155
0.37867552 0.12464403
0.36008975 0.2864296
0.38303894 0.40403676
0.38552505 0.42839077
0.3982774 0.40735272
0.37450135 0.44100627
0.36956206 0.6013129
0.37767208 0.39532715
0.37863052 0.56150293
0.37317145 0.37143412
0.37861842 0.44494897
0.37630206 0.38175213
0.38138944 0.32627812
0.34424293 0.32372785
0.3860613 0.40946364
0.36708742 0.4420258
0.37885857 0.45716023
0.3814407 0.24752645
0.38266402 0.23482017
0.36107308 0.69819593
0.37360695 0.4242949
0.3625846 0.41003826
0.3668769 0.42547444
0.37465787 0.52697325
0.393048 0.39599615
0.38679332 0.36106947
0.37510645 0.4284359
0.3983612 0.38100392
0.3758804 0.20944121
0.3732069 0.31808853
0.37901652 0.39618203
0.39152187 0.4280502
0.38213325 0.27069622
0.3775183 0.29119337
0.39601958 0.40416142
0.37128514 0.3330058
0.38595974 0.45429528
0.38599104 0.5086028
0.37790143 0.4362535
0.3984676 0.48164406
0.38416457 0.36876544
0.36728835 0.26050633
0.396725 0.42006823
0.38605583 0.42158362
0.38092756 0.44882768
0.37660533 0.5303224
0.44120944 0.5842828
0.37081772 0.37298653
0.3790354 0.35236257
0.38997447 0.4330538
0.3780389 0.40392268
0.3111878 0.14992477
0.39459276 0.23646198
0.3901428 0.44601044
0.3428719 0.38299844
0.37693238 0.25663432
0.37349564 0.3773548
0.3210817 0.22147016
0.3769576 0.2903436
0.3680197 0.6357362
0.3770961 0.4861475
0.37791306 0.38331413
0.33337632 0.41017178
0.3936234 0.100181505
0.37246287 0.42046615
0.37975746 0.60468996
0.36960047 0.39024717
0.37817532 0.39225593
0.37891477 0.40206164
0.38363397 0.39946118
0.39695036 0.45182523
0.3082782 0.15537877
0.37884545 0.7621768
0.3871112 0.4194023
0.28839505 0.05652778
0.32545716 0.38676006
0.37471086 0.4079987
0.37633705 0.43212715
0.39419723 0.4693221
0.3799262 0.3772672
0.375861 0.278276
0.41609478 0.4284065
0.37857634 0.43620062
0.37563175 0.19696222
0.40627706 0.44756538
0.37827706 0.35929066
0.37212515 0.5644166
0.40215713 0.40356925
0.37799877 0.2546809
0.38632274 0.36729458
0.37935054 0.31043306
0.37798053 0.36315936
0.38976985 0.4029286
0.38672101 0.36812964
0.37961286 0.37910873
0.4162143 0.46185458
0.3760004 0.42023495
0.36511534 0.39596665
0.39602655 0.46668643
0.37333846 0.36127773
0.37799877 0.39414063
0.39440405 0.4197212
0.38628358 0.82416964
0.386558 0.4297394
0.37837777 0.40027523
0.3777008 0.63737285
0.36579537 0.22927023
0.3783657 0.10442396
0.3944049 0.4277008
0.3814494 0.4101345
0.37498397 0.39592314
0.36951554 0.27916813
0.36984366 0.33383211
0.3778066 0.38173804
0.3288412 0.3718819
0.3796636 0.41734073
0.3727991 0.60989094
0.3774444 0.4156466
0.4040643 0.24620503
0.37567788 0.3949421
0.41125172 0.43914974
0.33723265 0.45850235
0.37845922 0.404806
0.33623087 0.49830034
0.38632274 0.50958055
0.3756758 0.22300242
0.4037776 0.6022148
0.37134606 0.39826488
0.3751999 0.54254824
0.3878709 0.41137508
0.3796994 0.24628748
0.4176367 0.4271417
0.3879553 0.5812653
0.38679332 0.38290316
0.37681407 0.24732062
0.39768583 0.41852894
0.38557738 0.29775357
0.38628358 0.3728001
0.37756273 0.46328875
0.37633705 0.2990556
0.41863966 0.12616454
0.37860668 0.38386816
0.3800624 0.45054936
0.38362598 0.47719282
0.37351882 0.60018075
0.37130946 0.41037485
0.37722954 0.39917648
0.3775844 0.43408358
0.37690052 0.35986298
0.41790968 0.4675311
0.3751107 0.45192632
0.37979287 0.48525658
0.38585055 0.3934439
0.2874577 0.37687436
0.3706933 0.19886592
0.41381907 0.20658028
0.39817715 0.25691187
0.3778935 0.3117208
0.37661022 0.40832376
0.37906337 0.55429757
0.3773445 0.39376298
0.3348679 0.20176823
0.3844424 0.41066226
0.36976862 0.40811905
0.37934119 0.45256522
0.38667178 0.3091015
0.3829754 0.4088368
0.3894236 0.3203184
0.37725142 0.41972125
0.3924815 0.4635288
0.3983612 0.39976114
0.41937548 0.4747608
0.40137553 0.10395058
0.36961943 0.25122115
0.38652438 0.4131169
0.38789636 0.36049205
0.37944597 0.4464792
0.4140073 0.470006
0.39345896 0.43038958
0.39152187 0.3589618
0.37634116 0.40991154
0.39662433 0.42077783
0.47408348 0.7133628
0.37794423 0.53358597
0.3970722 0.47360462
0.35062593 0.40264302
0.3759432 0.46997425
0.38585597 0.4264502
0.39765555 0.398615
0.41598982 0.49212742
0.38199955 0.42065197
0.3748845 0.35713404
0.3955708 0.41651294
0.37012646 0.3683179
0.37593234 0.85881555
0.41465968 0.39887473
0.384699 0.4599154
0.36974555 0.36620748
0.3983932 0.29967657
0.38173366 0.29278344
0.29615325 0.45398587
0.38664985 0.3256884
0.37458834 0.40707463
0.38043213 0.45109078
0.37075838 0.3840139
0.37858456 0.4332928
0.36707145 0.40733308
0.37717688 0.3837931
0.35508162 0.27640334
0.357871 0.095174
0.3784617 0.40501258
0.3928544 0.39771372
0.40218204 0.20364167
0.38160133 0.5734184
0.37996155 0.39352098
0.376904 0.40866953
0.37552673 0.42257217
0.41465968 0.24968152
0.37870547 0.4246985
0.3777002 0.42280164
0.3810326 0.3789646
0.37382326 0.39760017
0.37992626 0.51802605
0.38147688 0.22370496
0.41662514 0.48872298
0.4180516 0.5220962
0.37598777 0.3819234
0.37691027 0.38900086
0.37600037 0.45038998
0.4013909 0.6329444
0.48829168 0.51220626
0.37660068 0.40471774
0.3784269 0.43624005
0.3996436 0.39451876
0.39328653 0.37608203
0.3860613 0.3773908
0.37865862 0.38029534
0.38990194 0.41318417
0.40684485 0.2890306
0.37593234 0.38821998
0.38641423 0.38527957
0.38429642 0.6656834
0.3669126 0.38305667
0.39845437 0.3927552
0.37911034 0.563439
0.3949772 0.42081442
0.39279902 0.39034778
0.37361032 0.3653041
0.376192 0.36988172
0.38537353 0.39544436
0.37831324 0.40580282
0.37811673 0.42909396
0.37569368 0.3870099
0.3749417 0.40611523
0.3814832 0.43442377
0.4197845 0.4640563
0.38739526 0.42824718
0.37649363 0.40814856
0.36727756 0.3784946
0.37677288 0.47520873
0.30545193 0.1749959
0.39477003 0.38523927
0.3653918 0.13346685
0.3852268 0.39739314
0.37607318 0.36214235
0.36729795 0.37438226
0.37840623 0.3169294
0.37152356 0.16147333
0.37150896 0.38797534
0.35770565 0.3785037
0.39711058 0.73943377
0.39433277 0.4040627
0.47233897 0.5504177
0.37884548 0.39138556
0.38364398 0.39427912
0.3939749 0.2608768
0.37582967 0.23177631
0.3762058 0.31342348
0.40977305 0.26588523
0.386285 0.3924333
0.36571997 0.64014435
0.38976985 0.36382794
0.38660187 0.39964694
0.37900937 0.5204257
0.3992033 0.21576013
0.37599596 0.33848152
0.3983612 0.3892182
0.3762157 0.4313238
0.4176197 0.18382826
0.37329686 0.6166724
0.37856263 0.4894987
0.38615435 0.3589238
0.37822324 0.39771807
0.29428935 0.4607826
0.38385218 0.4178195
0.37721497 0.44712526
0.37809014 0.2532686
0.38668364 0.323121
0.38600045 0.3706936
0.37514466 0.035135686
0.3967231 0.43733102
0.3729825 0.49582538
0.37090135 0.251705
0.37939274 0.42150044
0.3816743 0.42572272
0.30004376 0.24014683
0.37465787 0.23980081
0.37889028 0.38329187
0.39919788 0.23403287
0.41489208 0.47400755
0.37797096 0.43173397
0.3760418 0.23262222
0.37429434 0.45437825
0.37417036 0.44983205
0.41654736 0.40444255
0.39820665 0.22780502
0.3971733 0.39313617
0.419398 0.43939796
0.39058983 0.30458677
0.38368136 0.36025754
0.37800515 0.30794027
0.37593234 0.43470702
0.3805405 0.35733697
0.37411028 0.40047073
0.4205299 0.5087023
0.38682944 0.4165548
0.37607318 0.4001969
0.37012982 0.42878553
0.37837094 0.48705316
0.37112743 0.41790444
0.3984965 0.371112
0.38514054 0.41939822
0.3776511 0.40031725
0.3819995 0.3056331
0.37811708 0.38442954
0.41063356 0.3034951
0.396442 0.42811397
0.37799752 0.5070806
0.39668036 0.33762592
0.5211249 0.5388883
0.3760581 0.42689836
0.3847251 0.42513716
0.38075036 0.22607464
0.37593234 0.3143828
0.3938672 0.8923474
0.3925414 0.40022644
0.38998502 0.3790724
0.2973442 0.31427988
0.36859018 0.79421693
0.38672304 0.37495014
0.38645482 0.3945869
0.36860275 0.32986194
0.3847251 0.41211247
0.3732369 0.207042
0.38637877 0.28774512
0.37818345 0.40065914
0.37905014 0.41602153
0.3490605 0.22775616
0.38848668 0.38137332
0.3844341 0.28184497
0.3731826 0.2640591
0.3781212 0.34941965
0.37428764 0.4194838
0.39751744 0.42736435
0.37519985 0.44275528
0.37861842 0.41873747
0.394404 0.33167192
0.39732343 0.21139999
0.38666975 0.36058205
0.37798542 0.42589518
0.37831938 0.42215362
0.3930611 0.41226554
0.3667302 0.35301638
0.38038564 0.35943055
0.36686963 0.43930057
0.415452 0.4823038
0.3771515 0.3504045
0.37573045 0.42694816
0.39318871 0.44979867
0.36990565 0.47630832
0.37790662 0.33618218
0.38901418 0.4508473
0.34972242 0.58281
0.37953925 0.4239803
0.38589507 0.39890626
0.28456256 0.1257871
0.38053763 0.3264651
0.391634 0.37342572
0.36902797 0.17540786
0.39062095 0.3624896
0.33135593 0.10663831
0.37884548 0.37955606
0.38637877 0.48215374
0.38115448 0.393878
0.3859045 0.36125296
0.37105733 0.38672623
0.39772445 0.45679468
0.3781436 0.36450455
0.4175396 0.44533727
0.38640118 0.41598657
0.42191917 0.4204822
0.38120073 0.41355544
0.39711058 0.43869057
0.3881215 0.41259542
0.38043982 0.23249455
0.37792104 0.2747109
0.3901428 0.40308255
0.37981343 0.29520798
0.37877756 0.42440936
0.3758999 0.40313253
0.3779524 0.41789824
0.37877756 0.6290033
0.37628824 0.42277387
0.3779237 0.3775589
0.37417424 0.27023017
0.41833663 0.4820229
0.36686963 0.37014982
0.38593858 0.41476578
0.39793706 0.4225347
0.3860582 0.35054
0.38641125 0.40779054
0.37589514 0.42609024
0.39005595 0.39700282
0.40908933 0.06491311
0.3778675 0.44007525
0.37155128 0.35518917
0.3931672 0.41992128
0.41886944 0.40088832
0.396442 0.5110119
0.3848722 0.6995214
0.3860613 0.3583273
0.37911224 0.36587584
0.3829754 0.40809134
0.37678546 0.41534102
0.28997383 0.44271174
0.38632876 0.2358216
0.37601098 0.35019428
0.40222037 0.47239858
0.3783083 0.40133882
0.36859015 0.37177485
0.3756808 0.40412548
0.37975752 0.4400909
0.3920853 0.4639656
0.37622666 0.42595062
0.3712116 0.39057863
0.37083185 0.44623244
0.38848668 0.40904197
0.37732536 0.3715037
0.38848668 0.40212965
0.36192048 0.4122025
0.38623893 0.39558792
0.37452188 0.044083614
0.37360695 0.6991966
0.3789025 0.4399666
0.37082654 0.40648317
0.39922744 0.42198014
0.3789273 0.34415624
0.37628418 0.42364982
0.3785266 0.33579275
0.39035445 0.4375321
0.37869334 0.3825772
0.37756765 0.21531573
0.41861266 0.28042507
0.396442 0.24807376
0.37742025 0.22700351
0.37033522 0.39695263
0.3960753 0.41991222
0.41544724 0.38092396
0.37690163 0.1952669
0.39318871 0.41591063
0.36196887 0.02693439
0.37447786 0.40678132
0.29772374 0.1679485
0.3992573 0.4676199
0.37720877 0.32380664
0.3755259 0.4362515
0.38924593 0.35058537
0.37683344 0.4486814
0.37842894 0.28740498
0.37628883 0.39589316
0.38591677 0.3652195
0.39459878 0.43887073
0.37681133 0.43689346
0.38030845 0.26232713
0.3768996 0.23984489
0.38097644 0.4070148
0.37992626 0.39924777
0.37660068 0.76609164
0.37589496 0.3753843
0.41488022 0.43177825
0.3779133 0.39391652
0.37865555 0.391591
0.37698743 0.5904453
0.37866557 0.3901887
0.38591343 0.2530399
0.3747063 0.4889149
0.36708742 0.52391964
0.3830763 0.4926157
0.29386467 0.14762618
0.38749307 0.5791117
0.37761545 0.39559117
0.38005197 0.25082156
0.372346 0.38985285
0.3760004 0.3716241
0.37952262 0.38812473
0.38372743 0.43009394
0.37803525 0.37510684
0.3753394 0.4104162
0.3788654 0.38647673
0.30674517 0.3820332
0.39964366 0.79423624
0.36728263 0.3689403
0.385813 0.38555467
0.38079232 0.42307338
0.3789553 0.39182433
0.3969503 0.42429093
0.3867805 0.44415027
0.37791207 0.22682397
0.4107557 0.4847314
0.36976057 0.406088
0.38671488 0.40878814
0.3667642 0.3990293
0.37681377 0.063204266
0.39724666 0.45366603
0.3835196 0.7616381
0.37691027 0.8903548
0.38764995 0.33911356
0.37197372 0.37274954
0.3758655 0.34817132
0.3969661 0.29428276
0.37622458 0.40528026
0.40634918 0.4762967
0.39861268 0.30974868
0.3739673 0.39769128
0.3864404 0.38944352
0.37905204 0.40055194
0.3877799 0.36884037
0.3779375 0.3083537
0.38667035 0.4026507
0.37593758 0.016823536
0.38047588 0.26637483
0.38612384 0.42621243
0.41979098 0.49582294
0.37812316 0.42451477
0.37593234 0.44924822
0.37531197 0.43416712
0.3795675 0.43195254
0.39851058 0.29251385
0.38106 0.34845075
0.37151557 0.34484786
0.39293534 0.38787013
0.3754901 0.33119297
0.39923704 0.4400359
0.3953573 0.24522808
0.37900937 0.41679814
0.37732106 0.37556046
0.37928027 0.35774863
0.37786013 0.3291612
0.38848668 0.46028206
0.37834382 0.43240646
0.37821674 0.41889694
0.39662433 0.402674
0.37691027 0.3687525
0.398085 0.43080208
0.38022834 0.40450576
0.37549615 0.14016326
0.37849507 0.37776867
0.38406724 0.39843833
0.29873765 0.14855036
0.39154726 0.31814852
0.3783778 0.3961869
0.37680393 0.40213156
0.37491447 0.39804363
0.28381872 0.29982117
0.36859018 0.44072208
0.373753 0.39219603
0.37843937 0.3780424
0.33937278 0.43611014
0.3799169 0.3454807
0.37604177 0.45626396
0.399203 0.48110378
0.4125393 0.4025082
0.37123337 0.41838285
0.385813 0.38946384
0.37590075 0.42172492
0.37737435 0.39592463
0.37809098 0.37727
0.37781477 0.38752604
0.38004255 0.39308208
0.38013119 0.4077023
0.38570487 0.3420296
0.3781845 0.42622426
0.37835777 0.38879254
0.39601952 0.2402499
0.387493 0.5685123
0.3796667 0.44066313
0.3807689 0.42897648
0.37488413 0.24157254
0.3983612 0.43270874
0.37884545 0.39863908
0.37808096 0.5582296
0.38711113 0.41532326
0.39409596 0.32930273
0.3836372 0.3797953
0.36400765 0.33867276
0.37593234 0.4211385
0.38648146 0.46514
0.3925264 0.3857616
0.3901428 0.4146018
0.40444738 0.52340394
0.39386714 0.62465525
0.37638927 0.20667313
0.38521546 0.37867755
0.36960047 0.39733535
0.3747489 0.60452634
0.38379717 0.4286208
0.37230593 0.34768546
0.37903398 0.5236113
0.37615734 0.4417249
0.38624072 0.42971593
0.3949772 0.40531215
0.38187444 0.2359666
0.36707145 0.3917271
0.3872189 0.4313643
0.386558 0.39492005
0.38682944 0.4565036
0.38171607 0.29875955
0.37799883 0.44176972
0.39304793 0.4070267
0.37800008 0.39092392
0.38474327 0.43586496
0.3781892 0.23562601
0.3789183 0.42400473
0.37451673 0.39719623
0.4187814 0.22357035
0.3754854 0.4175078
0.37832844 0.43027204
0.3757456 0.36475882
0.3745219 0.40231463
0.3814947 0.40025535
0.40661818 0.15118872
0.41571093 0.46303636
0.37857634 0.28614888
0.41654736 0.2632702
0.35954404 0.37807223
0.37828654 0.23736493
0.37388867 0.24444057
0.35798085 0.23848669
0.3799169 0.39056134
0.3816142 0.38746127
0.37747246 0.37205872
0.37767208 0.4755241
0.39304793 0.40888882
0.36751395 0.48512903
0.3765403 0.42587206
0.37323692 0.27820897
0.3897699 0.47173148
0.3795637 0.43146533
0.37928307 0.38730443
0.35262197 0.44193763
0.385679 0.37089923
0.37791455 0.40891773
0.37471086 0.4032234
0.3971849 0.3309536
0.38007462 0.36037096
0.3792671 0.39054054
0.38655806 0.4084708
0.3941514 0.42446613
0.37238163 0.26531312
0.34608662 0.43446273
0.39964372 0.3908927
0.4039883 0.46235132
0.37786984 0.4189962
0.38099045 0.75604343
0.37813818 0.42282084
0.37220573 0.2456093
0.37133598 0.4933252
0.39016938 0.40512732
0.37590945 0.34015685
0.381571 0.4168502
0.37590072 0.31180543
0.37587786 0.4218777
0.3969705 0.45194194
0.39243835 0.3876858
0.3871991 0.35659266
0.38667566 0.3712434
0.38677943 0.42686364
0.37913984 0.4228842
0.3671118 0.30987424
0.3979053 0.34956875
0.3860613 0.38076466
0.3370077 0.1457891
0.3879553 0.48308003
0.37240535 0.524737
0.39257514 0.45271453
0.3950011 0.4895427
0.36689803 0.26883087
0.36747062 0.39005068
0.3929776 0.25998026
0.3559744 0.6440688
0.39768583 0.42783988
0.40901488 0.39451548
0.36597705 0.45769033
0.37813187 0.40882933
0.3900342 0.3748816
0.37824446 0.42469555
0.4207027 0.40811405
0.41465962 0.15563269
0.3789025 0.1947152
0.39197236 0.4977321
0.37778932 0.33129612
0.4180516 0.1887197
0.36785892 0.7012954
0.377566 0.42437154
0.3804919 0.40591675
0.38385218 0.4678612
0.37903875 0.31123167
0.3958655 0.45508614
0.3569799 0.3948602
0.37869406 0.4607305
0.38103253 0.39754835
0.38675517 0.39999065
0.37302798 0.48063082
0.32884127 0.3634244
0.3774201 0.25362912
0.39720088 0.43110722
0.39821732 0.38295794
0.3745466 0.50889057
0.38869184 0.28012106
0.37877756 0.35415322
0.28463182 0.23204403
0.37693185 0.54206795
0.39318871 0.39358634
0.39133084 0.43511364
0.37889314 0.39510444
0.3786648 0.39094216
0.3784356 0.37131742
0.37549007 0.47366038
0.37674552 0.429441
0.37303358 0.33067438
0.3677553 0.34553686
0.37422746 0.4082826
0.3842249 0.59278035
0.37649363 0.45141605
0.41573185 0.47114265
0.3866521 0.35255057
0.3784366 0.29398665
0.38927162 0.50231344
0.37600225 0.42272788
0.37884346 0.34256765
0.39440405 0.42186603
0.32884124 0.048648946
0.37429857 0.29027343
0.32053757 0.3872895
0.37884545 0.4147233
0.3795637 0.7512022
0.3778335 0.37166938
0.37906337 0.42936605
0.37814826 0.39334983
0.3794241 0.34624797
0.3793518 0.33074394
0.37901545 0.44891003
0.3149122 0.14306462
0.3593619 0.32454187
0.39318871 0.6470125
0.36859018 0.4089453
0.3777934 0.4597422
0.4039883 0.46527836
0.37776446 0.73600787
0.3867656 0.40139416
0.3881427 0.23381545
0.37012982 0.3886996
0.28662294 0.1537315
0.3866344 0.42753533
0.3666938 0.33149394
0.37682736 0.20561306
0.39229894 0.39266986
0.38102734 0.37551695
0.38309377 0.30002606
0.36994106 0.39397615
0.39929533 0.46155807
0.3762157 0.39004257
0.3785727 0.27497151
0.34810895 0.31369588
0.37818205 0.3842906
0.37543672 0.4328932
0.38100368 0.40098575
0.3778631 0.38459927
0.3667302 0.3630193
0.36680377 0.44875118
0.41466624 0.4673095
0.37621576 0.46269378
0.37616736 0.47483227
0.37660605 0.44087422
0.38628358 0.41960898
0.38031197 0.38765392
0.350626 0.20282267
0.37987596 0.41466916
0.37623018 0.756341
0.37843853 0.37432337
0.37129194 0.37583733
0.39502895 0.42876232
0.38457674 0.41591555
0.39009702 0.431845
0.3811167 0.33473602
0.38121134 0.47088647
0.37516606 0.35061094
0.37609482 0.19534874
0.37804395 0.42787638
0.41419834 0.3553179
0.37603533 0.43990332
0.3788675 0.4240666
0.36557162 0.36983928
0.36708742 0.3464695
0.3866887 0.3597484
0.39923316 0.19476244
0.37794137 0.40063146
0.37890244 0.3632926
0.37742594 0.6375633
0.3825367 0.41886678
0.3922661 0.369897
0.37887013 0.43462065
0.4092747 0.3768161
0.40142232 0.4599975
0.3939749 0.40778586
0.40204775 0.4891208
0.38733852 0.5177977
0.37782514 0.3989235
0.42191774 0.43264604
0.392887 0.44439217
0.3778455 0.347313
0.3674916 0.36393735
0.37881184 0.415465
0.37799275 0.39415094
0.3789397 0.28115997
0.37095514 0.48490587
0.38346076 0.35399202
0.29595944 0.17357874
0.3779863 0.41238627
0.3827961 0.23322612
0.38699257 0.42095518
0.35250735 0.4750097
0.34636265 0.2952408
0.37577206 0.17049748
0.37621576 0.42756316
0.3802806 0.4179747
0.37866 0.275352
0.36823523 0.42675817
0.28978884 0.17475982
0.37954944 0.40886444
0.37748867 0.2649347
0.379502 0.41031125
0.37814826 0.2368422
0.36671707 0.37786892
0.38848668 0.4166275
0.371395 0.24983446
0.40551698 0.15884967
0.3496673 0.39380553
0.3779752 0.33038864
0.3807609 0.4244879
0.3695389 0.34557006
0.3810606 0.44744468
0.37547976 0.5910174
0.3667742 0.42043173
0.37086248 0.42167097
0.38017774 0.34315717
0.37872267 0.33528087
0.37540114 0.2049651
0.37917846 0.41984302
0.3780964 0.60385036
0.35644785 0.29938695
0.39683676 0.45271108
0.37687838 0.3997995
0.3866346 0.2960232
0.39922744 0.41688833
0.3667279 0.3720669
0.3866341 0.38719866
0.3704915 0.20960677
0.39229894 0.4323041
0.2924934 0.19004281
0.39720088 0.38781422
0.3944049 0.45125547
0.29077196 0.15992026
0.39397496 0.44631043
0.38927162 0.19195648
0.37636438 0.41138867
0.37721387 0.36312813
0.36972636 0.4288383
0.3790633 0.45408335
0.3969609 0.40369138
0.37706152 0.44677252
0.37616646 0.40274867
0.3807609 0.4462319
0.37566268 0.44421622
0.38302165 0.36748403
0.36376745 0.38873583
0.38674468 0.3944811
0.41303205 0.42863676
0.35439634 0.35712916
0.37649363 0.42713377
0.37831873 0.41410244
0.37821674 0.41889402
0.39964366 0.3912331
0.3925414 0.4253529
0.41795403 0.4592067
0.38635713 0.40820074
0.37690395 0.29250115
0.37786752 0.42969847
0.38768697 0.4762644
0.37848043 0.36582902
0.37855506 0.2654894
0.3983612 0.3840991
0.37593234 0.38486776
0.41530102 0.4617562
0.38297993 0.44501534
0.38178962 0.38919422
0.3655273 0.35791305
0.38522673 0.42544603
0.38891786 0.3403011
0.3779875 0.406602
0.37170905 0.251702
0.39467514 0.4885589
0.39197236 0.45525974
0.38900834 0.23616987
0.3865319 0.4327163
0.3787763 0.357671
0.3876869 0.42122203
0.38651884 0.435067
0.3779133 0.4320601
0.3776721 0.3680512
0.36707148 0.4263286
0.38766903 0.4296756
0.41472954 0.47257468
0.415336 0.4631493
0.41516066 0.22376767
0.37766647 0.3570888
0.35970512 0.41870698
0.37360692 0.42903996
0.38111663 0.4675834
0.41265637 0.4443802
0.37877756 0.35101873
0.38362598 0.46271235
0.37867916 0.4200563
0.37790835 0.4362606
0.30674517 0.38382295
0.3792506 0.29011074
0.3884703 0.40150452
0.3866698 0.4068663
0.38976985 0.46971083
0.40341854 0.5738471
0.3707847 0.25168145
0.3762707 0.18067075
0.38163507 0.36223334
0.38585222 0.4063831
0.3783778 0.2978819
0.3931042 0.21407826
0.3865152 0.5442467
0.3848722 0.444283
0.38749307 0.5252692
0.38981652 0.42926195
0.38160634 0.3653261
0.31842035 0.42899674
0.39690125 0.40035656
0.3922426 0.4304206
0.38071704 0.3743094
0.39447415 0.30855882
0.38027006 0.44475603
0.38624436 0.37045306
0.37542552 0.28277966
0.39872742 0.42961857
0.37817532 0.39641407
0.37686142 0.39170963
0.38229382 0.50553113
0.3799218 0.41266435
0.37735277 0.39876932
0.2917096 0.15161845
0.36546397 0.28126767
0.372405 0.3915568
0.3796683 0.4073805
0.3858869 0.41305298
0.39747542 0.35240817
0.38976985 0.50356275
0.38093895 0.4136219
0.37660623 0.40884602
0.37870926 0.39882258
0.40455216 0.6671771
0.38672304 0.4186815
0.37903398 0.36424807
0.3976859 0.44586247
0.28380796 0.112768605
0.38628358 0.41646352
0.3760095 0.19340086
0.38637877 0.34716368
0.38115448 0.38530815
0.3702438 0.30819237
0.37632567 0.35892418
0.3779359 0.42662188
0.38097644 0.42827407
0.37923384 0.4139426
0.37162405 0.41019738
0.37854314 0.43893054
0.3781892 0.38776106
0.3944049 0.3323496
0.3822319 0.3615731
0.37756604 0.24629658
0.3755486 0.3897646
0.3762586 0.4348471
0.3751999 0.122883976
0.385813 0.42426977
0.39861268 0.4028769
0.386239 0.39074963
0.3922426 0.4375385
0.37905014 0.4401592
0.3983612 0.41058242
0.39740354 0.362357
0.38672304 0.41658115
0.38584906 0.4470386
0.3784458 0.4412648
0.39475095 0.04210583
0.37598598 0.37285542
0.41239077 0.4562279
0.37526223 0.40679204
0.39352828 0.4518285
0.39510685 0.4888773
0.38297993 0.40967685
0.3983612 0.36575225
0.3797462 0.40675065
0.3762157 0.38027722
0.39811736 0.40848953
0.37800246 0.37684157
0.37467337 0.40066138
0.3758988 0.38626873
0.38653666 0.41253874
0.41962868 0.47998136
0.37806183 0.5244407
0.37830317 0.40467513
0.41875678 0.2963475
0.37360698 0.41098022
0.37990493 0.3482542
0.3781821 0.41759777
0.39531732 0.45445645
0.36035156 0.34119642
0.37975746 0.40072948
0.37770528 0.4443931
0.4172302 0.45967323
0.3031486 0.14031789
0.37902665 0.31521994
0.3787657 0.43172395
0.28873885 0.45299262
0.5127847 0.5612562
0.38086158 0.40014842
0.37396377 0.57768345
0.39023 0.41481397
0.39452696 0.24034335
0.37780434 0.39429808
0.4105355 0.472303
0.39453155 0.4141566
0.37745428 0.6607257
0.37839717 0.41965482
0.3810606 0.4049609
0.37162745 0.4112327
0.36746925 0.4622916
0.36327142 0.33963263
0.3876869 0.5862839
0.3810606 0.38214722
0.3728739 0.43429643
0.40593565 0.23542224
0.40353304 0.44200924
0.38791507 0.40146625
0.37868762 0.4129329
0.37793466 0.34644228
0.36218548 0.3875908
0.37355208 0.32774448
0.38099045 0.4094734
0.37791687 0.36824882
0.376904 0.4301099
0.35645598 0.18137124
0.37899482 0.41334856
0.3684258 0.42093784
0.37829143 0.3950628
0.370421 0.3538818
0.39417356 0.26970288
0.3762842 0.24964543
0.378793 0.41056687
0.37075123 0.3456197
0.28475082 0.4103602
0.3545608 0.45703518
0.37730104 0.01466888
0.3897699 0.40218994
0.39153045 0.37828484
0.37703747 0.6914981
0.3782969 0.42340037
0.37593234 0.42618486
0.398085 0.3908027
0.38710248 0.26584306
0.3847056 0.3897273
0.3761018 0.39210945
0.37883437 0.381703
0.3821196 0.4561387
0.38628358 0.8005434
0.39919788 0.3752258
0.35062593 0.40247294
0.37903404 0.40657783
0.37703747 0.37047765
0.36875093 0.39021838
0.37074792 0.3200099
0.36690626 0.37322307
0.28561753 0.31167603
0.36710912 0.2565015
0.3876115 0.38300017
0.38600415 0.39570495
0.39069724 0.48473135
0.36972636 0.2904853
0.379323 0.33331016
0.36099058 0.42683795
0.38682944 0.40995878
0.3780194 0.035990376
0.28565454 0.32914096
0.37411034 0.3804192
0.37545538 0.021078646
0.3672734 0.49669576
0.3712232 0.39845014
0.3750043 0.35074437
0.41458392 0.5118189
0.4103763 0.47258493
0.37593234 0.390312
0.387982 0.4088701
0.37228 0.38281992
0.36709887 0.2582306
0.38208127 0.3931289
0.37782168 0.42734244
0.38064224 0.32581556
0.37471086 0.43431196
0.38628358 0.4106064
0.3754444 0.45442772
0.37964773 0.42658982
0.38651884 0.5540672
0.37906337 0.23818143
0.36081618 0.3189282
0.37995958 0.44992775
0.39497727 0.39905784
0.38358843 0.42704776
0.37797216 0.40714228
0.40062493 0.31248906
0.31216845 0.15019862
0.41626227 0.46341625
0.38908392 0.42659584
0.38768697 0.46010306
0.37681413 0.24716593
0.37573862 0.37185127
0.37532854 0.6268301
0.28647125 0.50322014
0.37624133 0.3716616
0.40200686 0.46749368
0.3867541 0.43400925
0.39164114 0.4042776
0.380444 0.44685835
0.3862182 0.3901128
0.37604177 0.40781528
0.37470657 0.4285707
0.37567097 0.40172398
0.3742506 0.4041166
0.37892008 0.24411547
0.38583457 0.3648598
0.36688346 0.39960483
0.398085 0.41188487
0.37628424 0.42062646
0.38435394 0.6022426
0.39254147 0.41539314
0.29055715 0.2242121
0.37375295 0.39050266
0.39601952 0.4357043
0.334836 0.47457132
0.36800992 0.3591649
0.28978884 0.16735236
0.36907437 0.35254923
0.3884508 0.4067994
0.40697545 0.17490163
0.3792402 0.40420073
0.31885022 0.18254323
0.38557738 0.41331297
0.38071543 0.40251157
0.37885565 0.43720597
0.3756661 0.44449598
0.39964366 0.22237912
0.3789089 0.42174563
0.32884127 0.46541506
0.41756558 0.47204545
0.37922025 0.42432594
0.37798053 0.37997013
0.36684301 0.2675303
0.4018188 0.46500438
0.3761282 0.4144514
0.2856176 0.3507427
0.37780806 0.39542964
0.3953573 0.39294365
0.3984676 0.3959069
0.36840355 0.39843574
0.38658416 0.41742274
0.36978218 0.37597802
0.29803362 0.17119269
0.37726808 0.3840705
0.35697198 0.46023953
0.3807609 0.6161804
0.376023 0.42895615
0.378654 0.36820886
0.39437973 0.4010144
0.3876869 0.3966826
0.37220564 0.39242476
0.37624657 0.408977
0.39836514 0.40655303
0.37649363 0.42910397
0.37927103 0.38698882
0.38679397 0.46668863
0.40062296 0.42486396
0.3682051 0.15349309
0.36680377 0.41781393
0.37117946 0.47682744
0.33219838 0.17220448
0.37837315 0.580737
0.3761797 0.5972557
0.3778981 0.37427214
0.37220573 0.36996868
0.36695957 0.26677027
0.3784394 0.38711444
0.3983612 0.42473686
0.3776229 0.4150943
0.37411034 0.39897034
0.38924587 0.7976758
0.3795675 0.35246584
0.37905014 0.40053323
0.37461764 0.36677766
0.37892008 0.3009327
0.37829208 0.38938636
0.41965872 0.41664302
0.3575343 0.26962405
0.37412876 0.3445807
0.38532257 0.43624058
0.381702 0.47944057
0.3863458 0.42589203
0.37777483 0.40014866
0.38095027 0.39616665
0.37509447 0.36427778
0.38618076 0.42321232
0.3779707 0.30863488
0.4040094 0.45316064
0.37832516 0.20994854
0.3800078 0.3291455
0.37012982 0.395453
0.41361457 0.39206147
0.37905014 0.4481879
0.37515053 0.3976856
0.36260265 0.41673946
0.3969503 0.43400493
0.3761027 0.40044877
0.32493806 0.25648934
0.39716786 0.40505064
0.37797225 0.34740064
0.3767367 0.3948616
0.36686966 0.4148359
0.3780132 0.38589913
0.37770367 0.3861334
0.37634593 0.41461495
0.39601952 0.39443487
0.38682318 0.4100104
0.3958922 0.36549994
0.37578344 0.3719509
0.380965 0.45635942
0.37687767 0.23422703
0.37831447 0.38113347
0.38655806 0.3861329
0.41532046 0.48279986
0.3884586 0.43671188
0.41490787 0.38790593
0.38131022 0.26795283
0.41272974 0.15846664
0.39883035 0.3826825
0.37488666 0.3248744
0.3914553 0.15669984
0.38030845 0.26232344
0.38294142 0.69638795
0.37035975 0.29343897
0.3776721 0.4021647
0.37814823 0.4584782
0.38683248 0.38008457
0.3771419 0.41869998
0.38161415 0.20137726
0.37616736 0.39945436
0.40301704 0.45984086
0.38680816 0.39648423
0.36788714 0.36947998
0.38711947 0.47362876
0.38141036 0.41001335
0.37612343 0.44797075
0.39863735 0.38794193
0.37343028 0.42913115
0.36562824 0.20718598
0.29307073 0.32097304
0.3784566 0.12174172
0.375785 0.39737603
0.3514638 0.24794748
0.38990194 0.3857713
0.47483015 0.8804559
0.3790354 0.38080856
0.3665343 0.3787003
0.37600428 0.42054358
0.38679332 0.5550487
0.36680377 0.40841573
0.3788433 0.3870399
0.38613766 0.41895422
0.38248318 0.40197927
0.37992626 0.41669357
0.3761585 0.37687102
0.37661535 0.4259162
0.38927162 0.47314125
0.37801012 0.31812242
0.39630562 0.4249967
0.41281706 0.46477196
0.40094316 0.46153647
0.38669991 0.36601055
0.3864404 0.34140012
0.3764832 0.25695413
0.37895393 0.42723426
0.3795675 0.44629246
0.37642914 0.37326244
0.38432014 0.4006904
0.3870716 0.42622468
0.37311596 0.4329348
0.38663644 0.42524856
0.3685572 0.36955255
0.37610304 0.33373627
0.37884545 0.44230774
0.37737724 0.27446193
0.3867855 0.38588792
0.39888132 0.3491663
0.3786264 0.41266116
0.38976985 0.46026665
0.3666938 0.489401
0.39486694 0.34275115
0.37934119 0.38357696
0.3750314 0.0017777972
0.37441432 0.40328884
0.37358242 0.024179528
0.40795672 0.24565464
0.38602626 0.36906704
0.40166306 0.45860225
0.40204775 0.47239032
0.37832516 0.39523154
0.37507147 0.43032834
0.4044562 0.034851346
0.39561903 0.37852222
0.3761419 0.45991012
0.37992626 0.39286906
0.37517613 0.46271783
0.3949772 0.36378267
0.37514073 0.05036091
0.37786752 0.42247775
0.37824678 0.39674526
0.39964366 0.3456671
0.37176377 0.29389787
0.3888986 0.3547649
0.38631302 0.40753916
0.41400647 0.4709054
0.39872938 0.372482
0.386558 0.39483887
0.3828774 0.048625976
0.3680458 0.25839007
0.37004846 0.39092743
0.4113328 0.39485395
0.33234906 0.3689042
0.37613142 0.4767143
0.40775204 0.41301912
0.37130946 0.42959988
0.3910088 0.4629331
0.36681807 0.39261013
0.41722518 0.42596972
0.38131016 0.46160316
0.3678132 0.44598955
0.38163507 0.40063244
0.38528568 0.32005453
0.3740108 0.41074744
0.37605578 0.3988647
0.39491165 0.1895948
0.37284988 0.368674
0.2905329 0.16263054
0.37927455 0.37278873
0.37012982 0.41329926
0.39024574 0.47809893
0.38602626 0.38830954
0.36183316 0.2963336
0.37673467 0.740945
0.37622297 0.36495394
0.37406296 0.18728074
0.37606227 0.30695164
0.38768697 0.3103179
0.39459878 0.43313622
0.39293534 0.37231007
0.4149915 0.53079885
0.37644836 0.28727138
0.37773365 0.43418616
0.38648146 0.4731676
0.37910694 0.38991392
0.37886745 0.44622764
0.41755098 0.43494326
0.2851274 0.45105046
0.37837368 0.3900839
0.38505322 0.40976974
0.40195054 0.4613987
0.42082477 0.41667798
0.37012982 0.7210463
0.3713728 0.24332547
0.38089257 0.3740943
0.37880635 0.6217174
0.3019948 0.1398683
0.3778292 0.27144584
0.38163644 0.3879346
0.38043982 0.4771159
0.37753218 0.28150174
0.37785763 0.40395126
0.3871112 0.41828144
0.37628424 0.4117533
0.3864404 0.41790947
0.37602296 0.38011128
0.37623018 0.40941852
0.37607318 0.6813572
0.3719987 0.42927626
0.37254786 0.3515314
0.37445265 0.3690216
0.38514054 0.42062333
0.3537103 0.38325173
0.38701987 0.3460715
0.374992 0.5751523
0.37797225 0.37498844
0.3781281 0.3310309
0.35201716 0.5770515
0.38640642 0.40413556
0.37496457 0.19894013
0.39915705 0.4421062
0.4103763 0.48681217
0.3761084 0.313926
0.40198183 0.41250718
0.37777442 0.32208872
0.38233608 0.35679993
0.37220573 0.45616144
0.3090249 0.4593955
0.41704333 0.46245345
0.37406296 0.35012507
0.37614822 0.41325742
0.39065623 0.41096586
0.386375 0.6007416
0.38044155 0.4417585
0.38647962 0.39672822
0.37840104 0.2890226
0.37620774 0.39810362
0.3683036 0.33060676
0.2973436 0.10026093
0.37184379 0.41050515
0.3781821 0.36820158
0.38679332 0.41392326
0.2894047 0.43820536
0.38514054 0.43690145
0.38108474 0.3728533
0.37793365 0.4079714
0.3672825 0.15970795
0.38583463 0.4157594
0.37814826 0.28317317
0.4179319 0.47150746
0.37313518 0.43941957
0.3904742 0.41726327
0.39768583 0.27156395
0.38013333 0.4057811
0.40367907 0.34389365
0.37443662 0.48954883
0.36003655 0.4060042
0.36811602 0.41069946
0.37691027 0.6360981
0.37576842 0.35884154
0.37601268 0.35069942
0.3944074 0.35976508
0.41216248 0.48686564
0.40088302 0.3185436
0.37236714 0.42592442
0.3779354 0.41675574
0.39408278 0.30483875
0.3007881 0.16495194
0.36693853 0.4328388
0.38666344 0.40183064
0.38054186 0.38933966
0.3808527 0.29838184
0.36473972 0.5230723
0.3787059 0.35447824
0.37471777 0.38895437
0.37636536 0.37286025
0.37961286 0.42284417
0.3095196 0.41359538
0.37627017 0.37488785
0.38594115 0.41987386
0.38665783 0.37936413
0.37739083 0.2637686
0.37705868 0.19920205
0.3740166 0.40957096
0.39309126 0.45660597
0.3165135 0.38762623
0.38974905 0.44180122
0.39958614 0.3516063
0.3814494 0.24512504
0.37220573 0.4000001
0.41129327 0.39907333
0.3786406 0.39688465
0.38700414 0.40680736
0.38147688 0.2107479
0.39297754 0.6016676
0.36704087 0.38081893
0.37519985 0.3980471
0.37806183 0.37264106
0.4090035 0.47775638
0.37347925 0.39581752
0.3786674 0.20867723
0.41690803 0.49202806
0.3782273 0.41186646
0.37512457 0.55075824
0.38342243 0.36763373
0.38847035 0.54506093
0.39397496 0.36634597
0.3866698 0.42033783
0.37939274 0.37933585
0.37112242 0.4216218
0.3730112 0.34324718
0.36303774 0.2993016
0.3730346 0.2379376
0.38583457 0.33577195
0.29185158 0.35708323
0.3667302 0.5213863
0.3788455 0.4493841
0.3953573 0.38581884
0.37726808 0.39791325
0.37762022 0.30733034
0.37837142 0.3064886
0.36794066 0.3667293
0.37694952 0.3412269
0.37312782 0.28511056
0.396442 0.4393961
0.38627046 0.42512462
0.41335088 0.48364228
0.38013905 0.26310635
0.39872938 0.36779332
0.39397496 0.32891682
0.38647962 0.38750705
0.3787775 0.42568406
0.37458834 0.47400612
0.3871112 0.42187482
0.367042 0.32026634
0.377603 0.338307
0.39256436 0.33567932
0.38092762 0.30991223
0.37798053 0.3729455
0.41297883 0.401403
0.3788678 0.3942046
0.39622563 0.5931201
0.38611364 0.3565393
0.404217 0.4727042
0.3763336 0.42793396
0.37015522 0.3593399
0.38491756 0.4162943
0.34442252 0.19883013
0.37782383 0.42158088
0.31807208 0.20994827
0.37735543 0.38300258
0.39346683 0.43981957
0.37683344 0.4077958
0.37633395 0.47822604
0.3969503 0.42991048
0.37920737 0.35547528
0.39720088 0.4194589
0.37832004 0.35567793
0.36434567 0.24036284
0.37977558 0.2863983
0.42092174 0.4171377
0.39692932 0.39726722
0.39964366 0.387795
0.38655204 0.39637032
0.38613212 0.4139762
0.3892635 0.37529516
0.43622464 0.47759303
0.3900804 0.33658165
0.38636196 0.37494308
0.3042912 0.24733365
0.3953573 0.40356916
0.37828553 0.42343998
0.37667543 0.40950617
0.3781482 0.43450907
0.3765403 0.4287808
0.38658065 0.39355865
0.37709883 0.41444278
0.3984207 0.4264037
0.39720088 0.43598396
0.37766647 0.4320959
0.38130677 0.40442428
0.3760004 0.42980492
0.38777393 0.42375353
0.37056807 0.38121223
0.37017894 0.36479273
0.37218553 0.362314
0.37164062 0.31902012
0.38282275 0.38714537
0.37476045 0.40226945
0.38208127 0.362693
0.39627582 0.3410426
0.37272233 0.3398727
0.3724059 0.039870974
0.39437973 0.43128708
0.38185346 0.40703
0.3787164 0.42856428
0.38366473 0.3835904
0.3762201 0.41359973
0.3761255 0.25947237
0.37796474 0.41734582
0.36928338 0.43668923
0.37494045 0.6850506
0.3670584 0.77203727
0.38038075 0.40999216
0.40301704 0.46050805
0.3795637 0.2771486
0.37716103 0.2576746
0.37764055 0.36598054
0.39827138 0.38174394
0.3963762 0.44392022
0.38924587 0.39157912
0.3772514 0.2812438
0.39964366 0.40307438
0.36962223 0.38556316
0.3761577 0.43610737
0.38647407 0.3636845
0.3838247 0.46729758
0.38673592 0.45528877
0.39242017 0.24977846
0.38577712 0.5684985
0.37665677 0.39477846
0.37818107 0.3822395
0.37649265 0.40325066
0.37509835 0.103922695
0.37012982 0.40610084
0.3808276 0.35789096
0.38606137 0.39674366
0.3705379 0.40420094
0.36705476 0.37718618
0.37673664 0.42468277
0.3860582 0.40968072
0.37657666 0.4098778
0.38826674 0.3925021
0.4020477 0.44343892
0.3772514 0.39570543
0.30794263 0.32735372
0.37773362 0.3046109
0.385728 0.37279442
0.37903762 0.45650253
0.39925486 0.43717518
0.3522493 0.2715706
0.37610263 0.35805422
0.3693303 0.40004686
0.39809918 0.06934245
0.37841523 0.4217285
0.39297754 0.404951
0.37843177 0.3109319
0.3758958 0.39596435
0.3585748 0.20334712
0.3801924 0.25848213
0.3924312 0.4195881
0.3916673 0.47541907
0.37251407 0.2374153
0.3671127 0.40181687
0.376693 0.3941464
0.288841 0.4030142
0.36749154 0.5769205
0.39662427 0.5701772
0.36981323 0.43842036
0.3778231 0.37130964
0.37496752 0.26196593
0.4106335 0.4635893
0.37929183 0.4718132
0.37771887 0.36124218
0.37784636 0.40978378
0.3779649 0.6537777
0.3904742 0.40282652
0.3866365 0.34211957
0.3793155 0.39520037
0.37395298 0.4119772
0.35609856 0.4876961
0.37571204 0.3729876
0.3776695 0.36592114
0.3796423 0.437224
0.41750336 0.46726435
0.37847078 0.32740533
0.36491674 0.44558835
0.3779354 0.6055428
0.29615325 0.41140762
0.40197814 0.46474892
0.38189685 0.39517984
0.3881843 0.5784268
0.37891388 0.41326386
0.37607318 0.3928726
0.37607318 0.4292098
0.36373734 0.41017437
0.3811891 0.36560732
0.3761288 0.28166744
0.3726644 0.16338825
0.37510645 0.40485835
0.3858179 0.3730859
0.37928438 0.40700138
0.38615435 0.35360995
0.376405 0.40920594
0.37058324 0.17142765
0.37893933 0.44889238
0.3943104 0.41967803
0.37496972 0.52018106
0.37973142 0.26975423
0.37552586 0.4039964
0.37510645 0.42176813
0.3982392 0.42804325
0.40297484 0.45470488
0.3967666 0.40956044
0.39722025 0.45839
0.3781127 0.25565326
0.37857464 0.36414668
0.417306 0.35444418
0.39101034 0.3265985
0.4125746 0.38317284
0.3838085 0.40288684
0.37887532 0.4017871
0.42321092 0.4330202
0.37465787 0.47587824
0.37953418 0.04611157
0.29442558 0.14229003
0.3803904 0.3433111
0.40099663 0.39359626
0.37671235 0.33700192
0.3763371 0.44697458
0.37198514 0.4085388
0.37798136 0.2553945
0.3768071 0.41582495
0.3773499 0.61099154
0.372016 0.3882074
0.37833148 0.47165748
0.39883035 0.4280585
0.39043486 0.34373936
0.39037305 0.2582133
0.37814748 0.3579899
0.37636438 0.44099316
0.37414092 0.38703945
