-1.0512542 -1.5812557
-0.35148883 -0.68431824
-0.3406502 -0.62278974
-0.9551841 -0.39839175
-0.43016487 -0.1141875
-0.6866487 -0.44477183
-0.36919856 -0.90725666
-0.8846211 -1.386686
-0.40766507 -0.3565719
-0.79677796 -0.88126445
-0.340334 -0.7931769
-1.0545369 -0.2885111
-0.5821173 -0.3688061
-0.41950113 -0.16421594
-0.8671328 -0.9626519
-0.31011194 -1.118876
-0.38950643 -0.122288965
-0.385191 -0.41596746
-0.33884087 2.855435
-0.2512654 2.3049133
-0.23922831 -0.43819246
-0.44888467 -0.7563342
-0.43061537 1.7628022
-1.0053184 -0.22056745
-0.5032353 -1.3313278
-0.4011389 -0.39753747
-0.80414927 -2.7927067
-0.37786657 -0.108123526
-0.41842794 -3.1890223
-0.37652892 -1.137824
-0.40566766 -0.4569555
-0.40289938 -0.4392615
-0.55510855 1.7376982
-0.4065549 -3.1466985
-0.35596207 -0.17829792
-0.34606525 0.620834
-0.43669713 -0.14053708
-0.3558414 -0.6468797
-0.39001167 -0.5540994
-0.36802322 -0.2616959
-0.38620415 3.544127
-0.40557683 -0.4681291
-0.43150902 -0.2635349
-0.3828437 -0.7309106
-0.43020523 0.67986566
-0.35959342 -0.05725436
-0.34033397 -0.5257574
-0.3426799 1.0287013
-0.45260018 -0.2730772
-0.39163393 -0.3540212
-0.40306845 -0.5172697
-0.39919 0.11492336
-0.3427084 -0.6301238
-0.39460814 -0.13764821
-0.45524752 0.33517906
-0.901628 -0.45394823
-0.39305633 -0.5917701
-0.3182603 1.4313631
-0.4933926 -0.23660803
-1.0534364 -1.9251299
-0.38077176 -0.84188
-0.34867173 -0.1961771
-1.0252464 -0.17280844
-1.0498899 -0.53939277
-0.41322452 4.15995
-0.33864945 -0.86392105
-1.0328792 -0.9652082
-0.5791986 -0.66513747
-0.14286676 -0.75187165
-0.34702313 -0.68079597
-0.80556726 -0.23601042
-0.3867988 0.069724776
-0.4436965 -0.40554288
-0.35578698 -0.5790794
-0.81601584 -0.8568261
-0.33991992 -0.7435469
-0.3978638 -0.22062926
-0.3553876 -0.16459492
-0.7787863 -1.5805852
-0.39099896 -1.74351
-0.36101758 -0.9370203
-0.45689744 2.46484
-0.40436125 -0.4462282
-0.63449 -1.1240019
-0.361623 -0.7822306
-0.38221583 -0.5410529
-0.36027905 2.7495723
-0.35765195 -0.055583686
-0.3389217 2.946355
-0.4217903 -0.34378096
-0.4189558 -1.7203411
-0.39403206 -0.35629597
-0.36063993 -0.6703849
-0.40608975 -0.52377415
-0.3461826 3.707584
-0.45451683 -0.7399057
-0.3809955 -0.7187925
-1.0456967 -0.4885565
-0.43028805 -1.0697697
-0.38194907 2.2340472
