-4.035576 -3.6495287
-0.04487133 -0.082678795
-0.6685498 -0.76034856
-0.8404982 -0.811533
-0.4291463 -0.5706005
-3.5496066 -3.1485531
-0.33120966 -0.44588518
-1.117835 -1.1481271
-0.83610916 -0.28945303
-0.9484272 -0.8823626
-0.33401966 -0.45794344
-0.5091746 -0.58740973
-0.74971366 -0.6920483
-0.48592615 -0.5422332
-0.24837065 -0.22460318
-0.7340877 -0.71248174
-2.1395087 -2.0190368
0.049716473 -0.04069376
-0.46172285 -0.53705215
-0.2677474 -0.049072266
-0.3300085 2.37633
-2.4449837 -2.3832693
-1.537359 -1.3885193
-0.33899593 1.6137471
-0.1645565 -0.24371576
-0.56201696 -0.62628794
-0.6335244 -0.61170316
-3.1918983 -3.0399218
-2.8948913 -2.4832683
-0.37249994 -0.4242134
-0.5039525 -0.48393202
-1.1745794 -1.0692616
-0.21972132 1.1956148
-0.15130806 -0.24639511
-0.640203 -0.6910069
-0.4881518 -0.50638723
-4.32033 -3.8313322
-0.29002905 -0.32721567
-1.6161857 -1.5753958
-0.29736376 3.4928002
0.18363667 2.41215
-0.23517323 -0.312994
-1.0742996 -1.1482215
-0.5397203 -0.5611212
-0.60538983 -0.07422495
-0.45921755 -0.532871
0.069218636 -0.11591911
-1.5898671 -1.507911
-2.4993834 -2.3651824
-0.18741703 0.21475792
0.35793686 0.23168755
-0.06191492 -0.034411907
-0.88155365 -0.8813298
-0.3602624 -0.37627935
-0.51682353 -0.595943
-0.4921956 -0.6520896
-0.6528063 -0.6319096
-0.28819418 0.85477066
-0.9531989 -0.8357117
-0.81018615 -0.66724396
-2.1256154 -2.110967
-0.33249378 -0.2615204
-0.20268011 -0.26968002
-0.7559719 -0.5119171
-0.54619026 -0.48332715
-0.8628385 -0.8861618
-0.34626102 -0.53016996
-3.5528467 -3.1558948
-0.72764087 -0.31188154
-0.4061265 -0.5181315
-0.4921744 -0.427783
-0.17644024 -0.2467041
-0.13593864 -0.3402233
0.21416998 0.04115534
-0.0004210472 -0.14019537
-1.8494778 -1.713809
-0.8608761 -0.8390846
-0.5090809 1.7040854
-0.99720263 -0.88156295
0.16872501 0.01646471
-0.13945007 -0.22363329
-0.112202644 -0.15676308
-0.32166243 -0.3979249
-0.1415801 -0.3081565
-2.3855903 -2.1212153
-0.66807175 -0.7268057
-0.70241046 1.0787678
0.2358756 2.201651
-0.5456178 -0.5851369
-0.37710333 -0.38885593
-0.79815555 3.0456238
-3.1865535 -2.9365668
-0.8348441 -0.829329
-3.5482302 -3.226419
-0.3871627 -0.4230423
-0.8736546 -0.93560505
-0.6602204 -0.58867264
0.057320595 0.05566454
-0.42731857 -0.3878312
0.123394966 0.16392136
-0.69042516 -0.6580992
-0.45107675 -0.5130575
-0.46483874 -0.41226816
-0.44377995 -0.46799326
-0.46724582 -0.4476161
-0.7968676 -0.7889955
-0.06350899 -0.06875992
-0.42420387 -0.43824816
-0.004755497 -0.36749792
-0.4077673 -0.40318727
-0.4877193 -0.5489967
-0.65308 -0.7350793
-0.55051064 -0.5401764
-0.4814763 -0.4536302
-2.749452 -2.440696
0.20384884 -0.0683732
-0.18019295 -0.26433802
-1.4572113 -1.7961893
-0.62679505 -0.4625764
-0.8626087 -0.98947406
-0.7247391 -0.59292936
-0.6539786 -0.76644874
-0.519037 0.82586384
-0.37239838 -0.39632463
0.3790474 0.24812984
-0.3696556 -0.3553381
-4.0324607 -3.496206
-1.0284762 -1.1577051
-0.3426981 -0.33508682
0.05045271 -0.0004544258
-0.3992014 -0.31818533
-1.2030776 -1.2243419
-3.1421175 -2.873855
-0.8384659 -0.88141155
-2.2036903 -2.0478098
-0.4948144 -0.48834157
-0.51512027 -0.66610956
-0.22451258 -0.24497986
-1.8038516 -1.734648
-1.666712 -1.6658206
-1.2533176 -1.2946429
-0.55594206 -0.59316444
-2.5817919 -2.7691522
-2.886065 -2.5325122
-0.56050324 -0.64083624
-1.0828617 -1.2468424
-0.4487369 -0.4387002
-1.4341285 -1.3408108
-2.40693 -2.3462358
-2.2365696 -2.0836277
-0.83298993 -0.9364381
-0.30584145 -0.35108757
-0.5329702 -0.49481177
-0.40319633 2.6832733
-0.79291296 -0.7990489
-0.3368163 -0.3779502
0.09678078 -0.015534878
-1.6508958 -1.184622
-0.00021886826 -0.025315285
-0.038682938 -0.18329477
-0.34932995 -0.39427805
-0.24233961 -0.4053054
-0.19373083 -0.17603159
-1.0325742 -1.0620368
-0.507684 -0.49075508
-0.5936017 -0.6844561
-0.2210803 -0.19926739
-0.514776 -0.5856185
-2.0257385 -1.8750048
-0.4203415 -0.48101044
-1.970983 -1.6692162
-1.0599878 -1.0421543
-0.71926856 -0.6561773
-0.66214705 -0.56544805
-3.0613985 -2.7803793
-0.057446957 -0.12898397
-0.053557396 -0.13408947
-0.7878096 -0.7695222
-0.5271609 -0.239676
-0.4665799 3.3933806
0.090821266 2.4711118
-1.2664464 -1.2278008
0.059766293 -0.07157326
-0.742219 -0.71198463
-1.2971861 -1.0251927
-0.26460838 1.6336389
-0.15237331 -0.2794857
-0.92011356 -0.7852757
-3.2112231 -2.9274168
-1.4892821 -1.4195261
-0.4816873 -0.53629875
-0.33252573 -0.21771002
-0.47921038 -0.26326227
-0.5349388 -0.5159159
-0.65676427 -0.8079717
0.057084084 -0.017418385
-0.42907047 -0.39075804
-0.5109041 -0.56181383
-0.50302005 -0.45708656
-2.2808824 -2.1127524
-1.282048 -1.2025454
-0.18844652 -0.1859703
0.06887436 -0.09435129
-0.7149441 -0.8080971
-0.71716 -0.78308296
-3.25744 -3.0196314
-0.6496353 -0.42542887
-0.29782104 -0.34171724
-0.05277729 -0.08873606
-1.8947027 -1.9729171
-0.62987065 -0.5141988
-0.15334463 -0.21308851
-0.94071126 -1.0504336
-0.7779069 -0.7840297
0.25582743 2.1112647
-0.43322992 -0.60949206
-0.15420341 -0.2495637
0.20614672 -0.0043029785
-0.7888148 -0.8541322
-0.37374306 -0.26559162
-2.3677752 -1.3594985
-1.7127924 -1.5547829
-0.12989044 -0.1606884
-0.8866656 -0.8873129
-1.535094 -1.5301495
0.23023987 0.065897465
0.24152851 0.0795989
-2.1925168 -2.126428
-1.0356438 -0.9325173
-0.9112015 -1.0042901
-1.2900898 -1.1723042
0.07581949 -0.054229736
-1.6936295 -1.6347611
-0.4084463 -0.47312975
-0.52309155 -0.44338322
-0.5977473 -0.5863843
-0.80533767 -0.8138821
-0.6502974 -0.6058917
-0.672781 -0.7668531
-0.47436452 -0.5328977
-0.44725418 -0.36991882
-0.755996 -0.27616596
-0.3905754 -0.16694164
0.34026146 0.20701742
-0.7306211 -0.6714425
-1.4336011 -1.2573133
0.06669998 -0.03387165
0.027584553 -0.14426613
-0.39142704 -0.44690323
-0.3267026 -0.3271408
-0.080467224 -0.1486206
-0.8835795 -0.95204616
-0.4852364 -0.53518987
-0.7757735 -0.67970395
-0.095555305 -0.137537
-1.2612674 -1.2354114
-0.8647096 -0.68486595
-2.0890403 -2.0357382
-0.18353987 -0.19185972
-2.7241173 -2.6101203
-0.4041686 -0.3610072
-0.4186797 -0.33066463
-0.068446636 0.03744316
-0.052045822 1.625474
-2.3871624 -2.324907
0.07923651 -0.01503849
0.40423775 0.30118704
-3.2183127 -2.997944
-0.8656554 -0.9827378
0.23241615 0.060053825
-0.529727 -0.5597551
-0.80946493 -0.8217397
-1.0810943 -1.2863784
0.30054808 0.1073513
-0.38043308 -0.32967186
-1.3254123 -1.4986868
-1.081399 -1.1990714
0.19615602 0.0056591034
-1.3322072 -1.1518486
-0.68403363 -0.5032239
-0.70670485 -0.75507855
-0.8710666 -0.930758
-1.2861934 -1.233098
-0.58693385 -0.6484976
0.054471493 0.17601109
-0.27893925 -0.41273308
-0.59979653 -0.5719614
-0.3652439 -0.41863823
-0.31436014 -0.32830763
0.4970498 0.26791
-0.71456146 -0.75324965
-0.37464476 1.1685591
-1.0049376 -0.45423293
-2.8847234 -2.7122483
-2.4036653 -2.3624501
-1.1450984 -0.69226575
-0.6485276 -0.4091158
-0.41280746 -0.53894734
-3.0960298 -2.7046156
-0.2857585 -0.22352791
-0.2906041 -0.37337923
-0.61355066 -0.65799665
-0.7912009 -0.5794623
-4.285269 -3.7937264
-0.91620183 -0.91265035
-0.18076229 -0.29491854
-0.13239098 1.5392795
0.38721848 0.24316216
-0.40801573 -0.3950801
-0.21812773 -0.10383272
-0.60307837 -0.6334052
-0.21317244 -0.26551104
-0.2749591 -0.22763252
0.2707076 0.16666126
-2.481694 -1.9006324
0.39904308 0.2690668
-0.7436912 -0.51395273
-0.45873928 -0.38191557
-0.1216259 -0.36155558
-0.4022274 -0.6987381
-1.0085194 -1.0819004
-0.75862694 -0.72921205
-0.26486063 -0.28932142
-0.9449775 -0.9401555
-0.207448 -0.11683321
-0.33851385 -0.30846262
-2.231566 -1.9923053
-1.6914089 -1.6624069
-0.1559577 -0.19758463
-0.24527264 -0.26021576
-4.5463657 -4.2936296
-0.620317 0.7934623
-0.15799618 0.5949178
-1.2204568 -1.3807201
-0.26631165 -0.27983856
-1.966697 -2.0359895
-0.22753906 -0.19508219
-1.0654731 -1.1578386
-1.6696222 -1.6920118
-0.28981447 -0.3047452
-0.562871 -0.66142106
0.36446428 0.33708096
-2.4008586 -2.302504
-1.6745343 -1.6049678
-0.80362535 -0.85204124
-0.40528297 -0.50785494
-0.11857557 -0.04189825
0.33809137 0.18823576
-0.9378345 -0.9720049
-0.85770226 -0.8782308
0.28319788 0.10011816
-2.2506626 -2.1029103
-0.32341862 -0.3234954
0.15730476 0.06925869
-3.2054114 -2.9371793
-1.5114188 -1.3709006
-0.3607278 -0.3662982
-0.39915133 -0.35750532
-0.13686323 -0.07573509
-0.91846895 -0.9147446
-3.2592335 -2.8442402
-0.75695753 -0.8492477
0.30480766 0.28333664
-0.97579885 -0.49990058
-0.46734357 0.081404686
-3.002947 -2.8454287
-0.6999054 -0.6019163
-2.018535 -1.8703151
0.41040182 0.21716976
-0.10849476 -0.03870678
-0.9188366 -0.9441235
-0.45580935 -0.5273061
-0.42143822 -0.3794999
-0.1745243 0.04508066
-0.30265522 -0.38733816
-0.6664617 -0.6529
-0.3029399 -0.36819792
-0.5077989 1.8682389
0.20578098 0.10526037
-0.5585623 -0.59492016
-2.9639628 -3.062243
-0.4441433 -0.48272133
-0.13336372 -0.20811987
-0.73596334 -0.73262405
-3.3560588 -3.036433
-0.4075818 -0.38327312
-0.6905379 -0.79880285
0.058976173 0.13461971
0.039438248 0.81145525
-0.4605825 -0.4636562
-0.12339163 -0.15629482
-1.040067 -0.04529476
-1.0483334 -0.9347954
-0.28377342 -0.33798218
-0.3266325 -0.31698465
-0.16253471 -0.13968039
-2.7997665 -2.332085
-0.4061079 -0.2723155
0.09398556 -0.05402851
-0.2659831 -0.2883997
-0.7200668 -0.8259485
-0.38526726 -0.24238634
-2.2862487 -1.6856403
0.2713995 0.12651587
-0.62148523 -0.67843676
-0.3536148 -0.46062016
-2.0704343 -1.9367313
-1.1200101 -1.1445935
-0.06414461 -0.13496017
-0.57251096 -0.624526
0.18284702 0.4993739
0.29420137 0.14542103
-0.67120767 -0.47149205
-3.2820086 -2.9562197
-2.377981 -2.1866865
-1.2888095 -1.2430758
-0.21085215 1.2121663
0.37900257 0.25130367
-0.41429377 -0.3535695
-0.43329048 -0.4067545
-0.50744796 2.0591693
-3.13969 -2.8877642
-0.21536541 -0.19381237
-0.426867 -0.490247
-0.3639865 -0.42522955
-1.1376729 -0.35981226
-0.31097126 1.7868257
0.861104 0.37712288
-0.7116997 -0.7724848
-0.51758146 -0.3216896
0.40876818 0.28131962
-0.45551944 -0.4638648
-3.1186671 -2.6384287
-0.5753455 -0.86660504
-4.451003 -4.0026855
-2.1990795 -2.1254377
-0.40716648 -0.4340291
-0.9275975 -0.87666845
-0.27302313 -0.3890257
-0.21241522 -0.20718384
-4.0829773 -3.656821
-0.9826796 -1.0697699
-0.53659844 -0.5035775
-0.48176003 -0.39895773
-0.4919839 -0.62293196
-0.28440285 -0.32134676
-0.82243633 -0.8072083
-0.42834282 -0.5150976
-0.2308569 0.0043787956
-0.9931271 -0.7089901
0.4835534 -0.106408596
-3.0876951 -2.7808263
0.2010808 2.3836365
-0.7052133 -0.551106
-1.1345398 -1.1037922
-2.2308688 -2.1751187
-0.9410255 -0.9200249
-0.9464884 -0.9314337
0.12951326 0.0054454803
-0.3061037 -0.39236403
-0.39103794 -0.39072275
-0.080700874 -0.24944973
-1.4205716 -0.9828086
-0.15002394 -0.0059719086
-0.8049598 -0.9165702
-1.3649702 -1.2972946
-0.8286309 -0.82850575
-0.31141233 -0.41640377
-0.53910017 -0.565083
-0.45336556 -0.5653193
-1.1670287 -1.1483426
-0.85842896 -0.90270853
-0.6393771 -0.32580376
-1.0440183 -0.8117006
-0.18469 -0.121430874
-0.62059593 -0.65024805
-4.3876796 -4.003735
-0.46481752 -0.49848843
-0.9067302 -0.91653824
-1.3885171 -1.517755
-0.8660333 -0.81125355
-0.579587 -0.65501595
-1.5708456 -1.4188716
-0.09823179 -0.11168003
-0.36942768 -0.42426062
-2.077881 -2.0543268
-0.36783123 -0.33800268
-2.9477386 -2.6826618
-0.21319532 1.0278687
-0.8726852 2.852995
-2.1320417 -1.8281903
-0.46555233 -0.43087006
-2.4236715 -2.3548813
0.7453065 -0.2774272
-2.524004 -2.4147975
-1.9582777 -1.8175359
-0.49350142 -0.6259892
-0.7749872 -0.7660036
-0.920408 -0.45942044
-0.4457698 -0.4285431
1.0765352 0.6434903
-0.3690877 -0.3600731
-0.8241327 -0.71876454
-0.39711523 -0.45258236
-0.5458574 -0.5984366
0.30550337 0.231565
-0.5972693 -0.60056686
-0.21271753 -0.32153797
-0.55905485 -0.5458703
-0.7877135 -0.7714939
-0.06412983 -0.11422062
-1.9333985 -1.5605927
-1.7978253 -1.7418516
-0.6546023 -0.69517946
-2.242325 -1.9676113
-0.21853304 -0.42683458
-0.533026 -0.5755861
-2.4057183 -1.4673042
-0.96329045 -1.0717862
-2.9572315 -2.8538032
-0.37208986 2.9272447
-1.9590344 -1.9235392
-0.24250317 -0.22765589
-0.50402856 -0.14658165
-0.30666065 -0.36186028
-0.38744116 -0.25305223
-0.8642092 -0.7610185
-1.2855439 -1.4878988
-0.6592915 -0.6745477
0.052760124 -0.0848999
-0.5088842 -0.37250662
-0.62470675 -0.6547682
-0.24976635 -0.059412003
-0.6940603 -0.6182008
-0.66089725 -0.752882
-1.1100581 -1.181154
-0.5465777 -0.31826067
-1.8915219 -1.7528965
0.18058157 0.20243645
-0.40338755 -0.2810316
-0.5671065 -0.6872499
-0.65703654 -0.6546569
0.23184156 0.55204916
-1.2826176 -1.1945081
-0.58429503 -0.6338191
-0.3438077 -0.41596746
0.2314744 0.650507
0.53948975 0.3693056
-0.5138948 -0.57273436
-0.9770911 -0.7912805
-0.2784071 -0.33507252
-0.17262506 -0.2958989
-0.46418858 -0.45095587
-0.88721824 1.4717035
-0.8780339 -0.9427769
-0.69022393 -0.6213293
-1.8037431 -1.3205414
-2.7106438 -1.7052493
-2.5726368 -2.4000762
-0.64428353 -0.4008088
-0.5345733 -0.5461316
-0.16235113 -0.25960875
-4.386221 -3.3581307
-0.59967923 -0.5626106
-1.2806649 -1.2262409
-0.04439926 -0.06129551
-1.3029938 -1.1212461
-0.36368895 -0.4286518
-0.6410637 -0.71269417
-0.47203946 -0.50823593
-3.0715442 -2.8734932
0.45857954 0.15920305
-0.6642566 -0.6822138
-2.689183 -2.3953712
-0.7078104 -0.651067
-2.516716 -2.1437507
-0.11863041 -0.20924091
-0.67110157 -0.5912695
-0.5000317 -0.49416828
-0.2397213 -0.21319103
-0.08839512 -0.10117817
-0.23318434 -0.13375139
-0.41117 -0.35364914
-0.07598734 -0.19682312
-0.33074808 0.08783436
0.30820704 0.11196852
-2.9059887 -2.391377
-0.43159342 -0.2971096
-0.07586861 -0.1326704
-0.7232065 -0.9536557
-2.2924612 -2.0276773
-0.31834078 -0.3704071
-1.100771 -1.0467663
-1.9656875 -1.9283519
-0.71044874 -0.56784534
-0.4244771 -0.34410858
-0.5435102 -0.40896034
-2.2078545 -1.976224
-0.47840858 -0.5274637
-0.22956038 -0.27494717
-1.3786318 -1.2442696
-0.55268526 -0.5631454
-1.7341952 -1.7516713
-4.7987213 -4.233033
-2.5222912 -2.3918543
-2.7237 -2.4940429
-1.1418934 -1.1275864
-0.25441742 -0.25851488
-0.2381506 -0.4744358
-0.2967806 -0.29640102
-2.573367 -2.3751345
-0.08385086 -0.2023158
-0.6904056 -0.7286248
-2.17929 -1.8924952
-0.18011093 -0.20019865
-2.385873 0.5757513
0.46445465 1.4222302
-0.6297872 -0.6697171
-1.0607033 -1.1183894
-0.6649351 -0.662766
-1.2775652 -1.333386
-2.5673585 -2.6501746
-3.647828 -3.4095197
-0.16485119 -0.34958458
-0.08345699 -0.13222933
-0.90690756 -1.0101154
0.0705533 0.018090725
-0.7190316 -0.37483644
-1.0226257 -1.0879107
-2.7763085 -2.505187
0.4099064 0.24452019
-0.3097949 -0.3535514
-0.13266706 -0.20891953
-1.093086 -1.0222406
-0.6908989 -0.7741389
-2.7974095 -2.3179212
-0.9846382 2.1899967
-0.5760312 -0.59959555
-0.5503955 -0.72529936
-3.1838179 -2.9275703
-0.99136424 -1.0804851
-0.5853615 -0.68449664
-0.6501939 1.9809785
-0.5385847 -0.28079414
-0.41413403 -0.51259637
-0.85375047 -0.74904156
-2.0972648 -1.9769928
-0.27831078 -0.27101898
0.19727612 0.009117603
-3.5303743 -3.159021
-0.34526348 -0.3968959
-0.77307415 -0.714411
-1.9478936 -1.5165191
-0.83233833 -0.79194784
-0.75168276 -0.7554486
-0.9895792 -1.039918
-1.2621624 -1.2232847
5.5789948e-05 -0.052588463
-0.15420866 -0.38082266
-0.47953916 1.4091735
0.062012672 -0.0482769
0.09993744 0.027535915
-0.50641775 -0.45874643
-0.0313859 -0.059735775
-2.559201 -2.4010262
-2.1435153 -2.2308676
-0.08467817 -0.37968397
-0.53470755 -0.2662387
-4.523061 -4.0862503
-0.050296307 -0.32321215
-3.0914936 -2.756618
0.58173704 -0.06510544
-0.62284327 -0.6315224
0.32354403 0.17751455
0.06677961 -0.03189516
-1.9449878 -1.8678448
-0.9909191 1.638771
-1.097137 -0.93809605
0.015433311 -0.15265226
-0.35726404 0.67054605
-0.022337437 0.92767286
-0.81281805 -0.6009164
-0.50981736 -0.46092176
-0.21303654 -0.2974596
-0.13456726 -0.16172552
0.048774242 0.020550251
-1.4141135 -1.2310762
-0.32528305 -0.3412814
0.18603611 1.7943654
-0.77398705 -0.853189
-0.63993096 -0.72207236
-1.0432603 -0.81403255
-1.5374875 -1.6859784
-1.1749351 -0.9289727
-0.17634487 0.74927425
-0.3042121 -0.34116364
0.33291578 0.20256996
-0.624558 -0.65604925
-0.984128 -0.75677013
-2.1558802 -1.9901185
-3.7034292 -3.563615
-0.536345 -0.5691986
-0.78762746 -0.6235602
-1.4912372 -1.6777678
-3.1884034 -2.896061
-4.281351 -3.1068134
-0.47989273 -0.3852315
-2.3703232 -2.2310474
-0.41487646 -0.44518185
-0.25753832 -0.22964716
-0.9293816 -0.8707094
-1.2219689 -1.037981
-0.06472731 1.9169621
-2.8430233 -2.5974154
-0.9664078 -1.1132832
0.2775898 0.123867035
-0.2690611 -0.28145885
-0.01159811 1.5195255
-0.6418426 -0.6255238
-1.3645253 -1.4150064
-0.29217768 -0.23831701
-0.8029525 -0.7980275
-0.5633893 -0.63271594
-0.47236037 -0.476969
0.09755325 0.018862247
-1.0359259 -0.98164654
-0.8931985 -0.86720085
-0.1592269 -0.22783661
-3.0848708 -3.000319
-0.8337486 -0.91840625
0.12617922 0.9517288
-0.57055116 -0.62781954
-0.9254508 -0.9946935
-1.8818421 -1.7675824
-0.45312262 -0.45419478
-0.3234172 -0.35492897
-1.0619488 -0.9097247
-0.3010788 0.6839347
0.22116947 0.072151184
-3.0314581 -2.7933922
-0.42626333 -0.4344821
0.3025365 0.22725582
-0.41676617 -0.5044501
-1.6875839 -1.576412
-3.270143 -2.8229542
-0.14973974 -0.1960249
-0.5322392 -0.50468016
-0.12863684 -0.15116072
-0.67259 -0.8260696
-0.5289819 -0.5230224
-1.6997507 -1.6389484
-1.0058043 -1.1373925
-1.2572482 -1.2540715
-0.269032 -0.31778622
-0.61256266 3.135497
-0.54661846 -0.67321324
0.3183365 0.107316494
0.26788425 0.06239128
-0.27111435 -0.46624374
-0.8694246 -1.1079428
-0.47713065 -0.45871687
-1.284409 -1.4656992
-0.63167906 -0.44970942
-0.35301208 -0.53671193
-0.75224304 -0.746325
0.23197031 0.026278496
-0.27504396 0.4610424
-0.23184204 -0.1081233
-0.23608685 -0.36983252
-0.44053364 -0.45465684
-0.40460205 -0.15744543
-0.98497033 -0.83494234
-0.76497436 -0.8551574
0.010350704 0.659852
0.0951314 0.90157795
-0.48230958 0.74961567
0.026568413 0.046613693
0.2384696 0.09252262
-0.61715627 -0.6921401
-2.4831386 -2.280925
0.16857815 -0.075344086
-0.21795797 -0.45789313
-1.2926695 -1.2614505
0.03658247 -0.06343603
0.24740887 0.2890587
-0.35101604 0.7621703
-0.57968974 -0.6284504
-1.1723003 -1.3973613
-1.0656433 -1.1233377
-0.23692751 -0.15031767
-0.29192686 -0.38917303
-0.29912376 -0.34793139
-0.4751997 -0.43643188
-0.28895235 -0.47908092
-2.258792 -2.027938
-0.4448681 -0.51708746
-0.5329883 -0.6225071
0.14356756 0.12661886
-0.37331486 -0.35147953
-0.6646118 -0.5505438
-0.5279758 -0.20951653
-1.0744288 -1.0357625
-0.50239635 -0.49276638
-3.2379947 -2.9303021
0.08690882 1.0010858
-0.17906141 1.0967693
-0.542408 -0.48183823
-0.2161994 -0.23289537
-0.16168213 0.05115652
-0.5546217 -0.5955875
-2.0897336 -1.8654156
-3.4103956 -3.1829903
0.26982737 0.07906866
-0.75460315 -0.7218578
-1.7771361 -1.3984518
-0.018463612 0.59931326
-0.5307193 -0.42394066
-2.1445847 -1.857039
-0.53598046 -0.5314808
-0.5347078 -0.53306913
-0.87593436 -0.9057543
-1.249049 -1.0706997
-0.7170174 -0.6755707
-1.0623777 -1.029233
-0.24956846 -0.6660147
-0.25758934 -0.49212766
-0.27767992 -0.4903922
-0.31990528 -0.2135973
0.16036177 0.4685254
-0.56438327 -0.55344677
-2.7810717 -2.701329
-3.2656834 -3.059777
-0.48839998 2.4357948
-0.12022591 0.89222
-0.52448773 -0.72800994
-1.2958727 -1.1043291
-0.9759872 -0.9126668
0.33512497 1.4235244
-1.7112458 -1.417481
-0.5170281 -0.5971422
-3.8726115 -3.41965
-0.4641912 -0.33266163
-0.6376598 -0.63049555
-1.7192011 -1.4168344
-0.811445 -0.8134668
-0.8557987 -0.83282375
-0.85935163 3.132794
-4.616398 -3.941182
-0.47863483 -0.1291275
-1.9345341 -1.9684706
-0.5375371 -0.5606806
-0.48728108 0.45457268
-0.68083787 -0.7319677
-1.4870026 -1.4621735
-0.50948286 -0.42043066
-0.5824046 -0.6162114
0.2790885 0.21979666
-1.021707 -1.1120324
0.22556019 0.04943514
-0.6798773 -0.46556902
-3.3574047 -3.0471716
-0.7378452 -0.73430324
-0.34669924 2.142714
-0.53984404 -0.5521903
0.24191761 0.05009842
-0.59735656 -0.48070002
-0.51769686 -0.45883608
-0.59682083 2.7361283
-0.22598648 -0.20936966
0.40338564 0.26161432
0.21670914 0.051122665
0.19920635 -0.18700123
-0.42317057 -0.31054115
-0.52261496 -0.6451764
-0.59143496 3.383367
-1.1731293 -1.0911732
-0.6022153 -0.6008122
-0.104604244 -0.2198081
-4.0397944 -3.485046
-0.40269327 -0.41323328
-2.0402372 -1.7778988
-0.28150845 -0.30098677
-0.5149689 -0.5381875
-2.0265691 -1.8174295
-0.94310737 -0.9876344
-0.37140083 2.491243
-1.6873856 -1.533634
-2.5123596 -2.288727
-3.253635 -2.9749193
-0.87121964 -0.719563
-0.6907525 -0.63908124
-0.5715492 -0.5514128
-3.1596186 -3.0559676
-2.8745785 -2.6496866
-2.4051964 -2.0407438
-0.36468887 -0.32017136
-0.44053316 -0.4478855
-0.28801537 -0.29072142
-0.5307946 -0.60767365
-0.13756895 -0.19129562
-3.140431 -2.8653867
-0.28223944 -0.2693677
-0.17480326 1.4310446
-3.889092 -3.3632557
-4.3622603 -3.968917
-0.1324296 -0.12250233
-0.047662735 -0.15163803
-0.13087368 0.8443737
0.5566225 0.28981495
-0.53437805 -0.50019765
0.1210947 -0.039853573
-0.43805742 5.308639
-2.8842978 -2.926331
-0.7439954 -0.715003
-0.56224537 -0.63769436
-4.7292094 -4.2745123
-0.28662777 -0.2873125
-0.3946905 -0.57394767
0.42085505 0.21931314
0.041706562 1.5612192
-0.47009587 -0.4955144
-0.3933134 -0.51489687
-0.15623188 -0.24331856
-1.0727272 -0.5062206
-0.9251056 -0.9090402
-0.87879133 -0.69552755
-0.57598686 -0.6133287
-0.5109477 -0.527127
-0.4409914 -0.5310278
-1.6262836 -1.5020213
-2.2214713 -1.9704385
-2.097155 -2.0416105
-1.1211262 -0.99750423
-2.96813 -2.818034
-2.5610228 -2.3931437
-0.3250456 -0.37556887
-0.37701273 -0.12117243
-0.3749256 -0.36421776
-0.6968465 -0.7451465
-0.7493031 -0.6039455
-0.5046191 -0.4590528
-0.29221964 -0.44415474
-0.75302196 -0.6849997
-2.2456486 -2.1453989
0.1255188 -0.01950121
0.39341354 0.20922375
-0.7876518 -0.8981993
-0.9251807 -0.93260956
-0.66832757 -0.7101383
-0.7643168 -0.8126862
-2.5739145 -1.6437404
0.27723265 0.079016685
-0.591444 3.924708
-0.78982854 -0.749753
-0.28062487 -0.33463144
-0.41507196 0.051205635
-0.8818567 -0.8985534
-0.0020446777 0.16306067
-0.24793863 -0.31055117
-0.6663294 -0.7891648
0.14462423 1.8930182
-0.29891443 0.09136152
-1.0545108 -1.24207
0.11254454 0.019411087
-0.8927672 -0.89046574
0.032044888 0.11972141
-1.9004462 -1.8952699
-1.582634 -1.2074132
-0.33034992 -0.2851057
-0.4887457 -0.16940784
-1.9932737 -1.7222743
-0.094501495 1.4113612
-1.0266025 -1.1557686
-0.22666645 -0.2646737
-0.41005135 -0.4044571
0.10232782 0.100776196
-1.031338 -1.0037069
0.29292107 0.1532445
-1.4006646 -1.3168247
-0.20484781 -0.19924545
-0.35377502 -0.30901718
-1.5695679 -1.5667071
-0.4095211 -0.29312944
-0.95390487 -0.69405675
0.36131477 0.20485926
0.3439932 0.25119734
-0.20506859 -0.22218513
-0.08542299 -0.3804021
-0.4039917 -0.41513014
-0.71694374 -0.7765045
0.058482647 -0.048536777
-1.3927805 -1.3382723
0.4252925 0.29455566
-0.5562825 1.6465139
-0.3266244 -0.40301466
-2.2240024 -2.0874784
-0.31250906 -0.24550581
-1.2435386 -1.3061607
-0.08276749 0.17923117
0.040133953 -0.036128044
0.20817614 0.09461832
-0.6805804 -0.6522968
-1.432966 -1.4100797
-0.6079278 -0.6350217
-0.16632938 -0.27034187
-0.8506837 -1.0164752
0.099545956 2.3471255
-1.4135888 -1.3360786
-1.194176 -1.2206466
-1.7444215 -1.7899551
-0.59628534 -0.58258224
0.42480946 1.6194477
-0.94511056 -1.0049183
-0.67348695 -0.667778
0.23236227 0.63158226
0.25270367 0.089895725
-2.664343 -2.225268
-0.7741649 -0.76998353
0.352839 1.8211184
-0.7021258 -0.83587456
-0.47038674 -0.49504447
-0.928169 -0.78447485
0.07008171 -0.053748608
-0.5820017 -0.6188333
-0.6897857 -0.7841687
-1.8125305 -1.7064393
-0.29114008 -0.29738235
-0.64847136 -0.69902325
-0.78980875 -0.69246817
-0.50537395 -0.6135812
-0.4027071 -0.4312272
-0.2633834 -0.091747284
-2.772478 -2.536158
-0.027496338 -0.1242156
-1.1675577 -1.104847
-0.5163026 2.8047843
-0.25237274 -0.28528976
-0.44608212 -0.5155213
-0.21473265 -0.16291761
-0.8450432 0.72013235
-1.0357351 -1.0430176
0.31014204 0.11198759
-0.59757686 -0.51932
-0.48071265 -0.47838783
-0.7434318 -0.5917702
-0.05039358 -0.07408905
-0.51393676 4.4170814
-1.1518762 -1.0459895
-2.433607 -2.3092306
-0.95359015 -0.9469564
-0.92661905 -0.9596672
-0.44439507 -0.48156047
-4.6895833 -4.177749
-2.2063751 -1.7366521
-0.12912989 -0.10368824
-0.4351573 -0.59661245
-0.2845192 -0.42954922
-2.9567647 -2.4475625
-0.5242331 -0.47945786
-0.16538191 -0.22686148
-0.40385818 -0.51392937
-0.41712904 -0.42734766
0.15324736 0.08739233
-2.4436529 -2.1757567
-0.3164091 -0.36614084
-2.5071092 -2.32449
-0.64564824 -0.55756044
-0.69947505 -0.67614126
-3.4919176 -3.098233
-0.35613012 -0.32551146
0.077709675 0.048624516
-0.83581996 -0.78665113
-0.6616492 -0.7517576
-3.5086598 -3.0889494
-0.2700081 -0.27739
-2.8684645 -2.8461473
-0.43228817 -0.40955114
-0.083734035 -0.04949808
-0.3688259 -0.36885977
-0.42199087 -0.41010666
-0.762557 -0.68385863
-0.3713646 -0.70593643
-0.3715644 -0.43958664
-0.6726217 -0.54159045
-0.71372056 -0.70621085
-1.9986606 -1.8007638
-0.17010069 -0.36175156
-3.6764956 -3.3808968
-1.1281941 -0.7791977
-2.260476 -1.926126
-2.1152236 -2.0965414
-0.46652818 0.41685247
-1.2796454 -1.0055394
-0.7771816 -0.83482695
-0.8183379 -0.7641485
-1.50456 -1.5549242
-2.473248 -2.2478678
0.19217014 1.0084538
-0.7958665 -0.8620002
-0.43784475 -0.44361544
-0.33157253 -0.43411016
-0.39630508 1.285461
-0.39491177 -0.42944288
-0.44358253 -0.4426837
0.015758991 0.68718815
-1.9750068 -1.8339782
-0.46107745 -0.030623913
-1.6977265 -1.3707719
-1.07356 -1.3418713
-0.74061537 -0.63848805
-0.4427004 -0.45092702
-0.55654955 -0.49468803
0.23202229 0.10354471
-0.3803749 -0.38153076
-3.7614927 -2.7513804
0.037179947 -0.055077553
-1.1974671 -1.075994
-0.37226963 -0.3916788
-0.34664822 -0.22308397
-0.21168947 -0.34647655
-0.33053732 -0.29791355
-2.551886 -2.4291074
-0.6565168 -0.7311077
-0.6371882 -0.5614741
-2.8773699 -2.6303265
-0.5478885 -0.6152735
-0.45933628 -0.3330021
-0.88720226 -0.80764365
-0.5304704 -0.5674062
-0.5954206 -0.620183
-0.26998377 -0.42148638
-0.18311262 -0.1542244
-0.7205651 -0.35291672
0.30915165 0.14049006
-0.8169925 -0.7471907
0.16274405 0.03976965
0.31904984 0.17764997
-0.35571623 0.16161871
-0.20255709 -0.16235828
-0.042414665 -0.043645382
-0.7706981 -0.73305225
-1.149704 -1.021348
-0.62863016 -0.6452427
-0.96512985 -1.0782216
-1.003576 -0.98422146
-2.1936166 -2.0059123
-0.24881458 -0.25638723
0.16616392 0.13891602
-0.103549 -0.06817865
0.5258479 0.21863127
-0.3459835 -0.42656517
-0.029074669 0.32892895
-0.49339724 -0.343853
-0.38947725 -0.5133693
0.15512896 0.14256763
-0.28724813 -0.44746065
-2.3162386 -2.1781843
-0.3771739 -0.40554285
-0.7521007 -0.8148608
-3.0227537 -1.5090742
-2.1077485 -1.9504492
-1.97174 -1.954401
-2.2007492 -1.9620187
-1.3820179 -1.2960329
-0.20775557 -0.24803305
-0.149549 0.05415535
-1.1510274 -1.2812476
0.098163605 -0.005200386
-0.07101011 -0.382998
-0.6496875 -0.5548496
-0.4602661 -0.5480194
-0.43030214 3.5027452
-1.060524 -1.0844669
-0.8384476 -0.81311965
-0.46195626 -0.4069481
-0.6004393 -0.55109096
-0.20748234 -0.37108755
-2.0032372 -1.8469543
-0.9559212 0.19038439
-0.22954798 -0.32559824
-0.20190907 -0.20731926
-0.35979223 -0.035444736
-0.27154255 -0.38083315
0.25881577 0.10195637
-1.4556632 -1.4497955
-1.3837209 -1.9274364
-0.11499977 -0.23773861
-0.33209133 -0.5024593
-0.46323657 -0.39738178
-1.2341185 -1.234191
-0.86988044 -0.7552006
-0.4678042 -0.42111635
-0.19936514 -0.11727095
-1.1375945 -1.0745416
-1.4334452 -1.4122052
-0.3219514 -0.301219
-0.4598863 -0.4775324
0.34823513 0.13805628
-1.0151851 -0.986485
-0.4806924 -0.4484415
-0.8942692 -0.60280347
-0.75027966 -0.79336786
0.22386122 -0.04796934
-0.9489746 -1.0359917
-0.78582263 -0.8988559
-0.63139486 -0.6550257
-0.43772554 0.113269806
-0.39257765 -0.40689993
-1.1853387 -1.1147513
-0.6581454 4.3538985
-0.52102876 -0.55859375
0.9259963 1.4412398
0.3253808 0.5285716
0.19894028 0.18982172
0.08386755 2.6861253
-0.84010077 -0.91028666
-0.262774 -0.21462917
-0.9583962 -0.94294286
-0.36110353 -0.42727423
-0.16359472 -0.20843363
-0.50414133 -0.5809002
-0.5738108 -0.6191566
-0.8837018 -0.89892554
-0.60907507 -0.66610074
-1.5953548 -1.6472731
-0.6403804 -0.6224849
0.2828164 0.11685753
-1.0702963 -0.9833584
-2.2365568 -1.9692857
-0.5665951 -0.5918226
-1.9681973 -1.735662
-2.3376808 -2.2672203
-0.18253088 -0.13908482
-1.0717716 -1.143424
-0.24602938 -0.29363823
-0.043572903 -0.1126523
-0.6984031 -0.5866642
-0.20940065 -0.10199213
0.31369352 0.06279278
-0.41944456 -0.40236378
0.007930756 0.015520096
0.24811125 0.12059593
-0.38835526 -0.4557233
0.46727943 0.20296526
-0.91067743 -0.91231275
-2.026986 -1.9329648
-0.83549833 -0.480994
-1.0465512 -1.1842208
-0.61986685 -0.6932111
-0.65650415 -0.596699
-0.7927501 -0.7475877
-0.15501308 -0.33586693
0.043437958 1.0842481
-1.7374904 -1.5192461
-0.67946815 1.9449458
-0.13244677 -0.30865812
-0.44997215 -0.44819403
-0.3818984 -0.26977968
0.1744566 0.11659241
0.3335867 0.2003088
-0.5450306 -0.5863843
-3.0372114 -2.8239756
-0.52828765 -0.43421745
-0.38898277 -0.319283
-1.1733367 -1.2998915
-0.58786345 -0.58133674
-0.61559606 -0.58661675
-0.5158496 -0.5302849
-0.031725407 1.6896715
-0.48847628 -0.30512094
-0.25900412 -0.47837877
-1.4187286 -1.4037943
-0.55085325 -0.54106736
0.045981407 -0.23019409
-0.3896618 2.376073
-2.9799352 -2.8344433
0.1810956 -0.015494347
-0.5104878 -0.57732034
-1.069581 -1.046617
-2.1636512 -2.014602
-0.39275122 -0.29213715
-0.21100092 -0.6835921
0.11658287 0.17369843
0.28644705 0.34311724
-0.9112103 -0.7932172
-0.55869246 -0.69745636
-0.52904606 -0.20868444
-0.7155559 -0.6009984
-2.7321618 -2.2380903
-2.3701882 -2.3090866
-0.14702463 -0.31918955
-0.87790084 -0.5651634
-3.6381211 -3.4362464
-1.0045218 -1.0175416
-0.6171582 -0.59995794
-1.0975211 -1.1699214
-0.77057815 -0.739336
-0.65226555 -0.6111202
0.25564575 0.1026988
-2.2946837 -2.1351044
-0.67696595 -0.6838386
-1.9700441 -1.8225291
0.30398035 0.20588875
-0.6954336 -0.7479663
-2.9338152 -2.4298062
-0.52952456 2.456407
-0.6863363 -0.58587193
1.5197525 2.4374328
-0.5327127 -0.6058464
-1.2750785 -1.25826
0.3374648 0.17015028
-0.9693134 -1.0575421
0.22306395 0.016264915
-0.61688733 -0.51752305
-2.4713883 -1.5439715
-0.4105687 -0.41008997
-0.1868205 -0.23912334
-0.35277796 -0.39801311
-1.5783031 -1.4417336
-0.7860007 -0.32151747
-1.0101199 -1.0565324
-0.968626 -0.9668689
-3.0911489 -2.8414347
-0.42344046 -0.523108
-0.5158589 -0.70434356
-0.0465827 -0.112672806
-0.46421194 -0.45376015
-0.23048687 -0.30412292
-0.41644478 -0.41701365
-0.29136515 -0.35981798
-0.6839042 1.6581264
-0.6739001 -0.5955684
0.015001774 0.5571208
-0.13193369 1.1218686
-0.08516312 -0.15533161
-0.3324275 -0.41321564
-0.5964427 -0.55433035
-3.5280678 -3.0360117
-0.2672286 -0.5108006
-0.269238 -0.34161186
-0.23309565 0.14900208
1.3928714 1.0533109
0.31364965 0.22370291
-0.52690005 -0.5394802
-1.7027061 -1.9390054
-1.2447793 -1.0962689
-0.7924824 -0.77039933
-0.57578063 -0.63597345
-0.6944511 3.869247
0.2964368 0.056397438
-0.0037755966 0.62719107
0.23382711 0.25731707
-3.7837818 -3.2638307
0.2876048 0.19449043
-0.55685997 -0.5528197
-1.3729727 -1.2736382
0.45892763 0.36432457
-0.86630225 -1.1002064
-0.2558651 -0.14111853
-3.5449512 -3.5061326
-0.6268177 -0.73051167
-0.020515919 0.92572165
-0.29246807 -0.14702272
-0.8283081 -0.67026067
-1.9589055 -1.7666168
-2.2139785 -2.009047
-0.70746446 -0.66140556
0.0027332306 -0.060942173
-1.1515043 -1.0675805
-0.44947386 -0.52170944
0.06775761 1.951829
-2.1822948 -2.0739639
-1.2406504 -1.0514979
0.47973776 0.3130164
-0.57510686 -0.6916008
-0.6629424 -0.76476955
-0.63689184 -0.5835116
-0.8980074 -0.9388962
0.21584177 0.023421764
-1.640415 -1.3218346
-0.3210578 -0.3589015
-0.24917698 -0.29084873
-1.9360785 -1.8766217
-0.8423152 -0.81799364
-0.40174246 -0.4324131
-0.49265313 -0.50169516
-1.9763772 -1.2097907
-1.0298808 -0.99293995
-2.042398 -1.9098301
-0.90767145 4.053533
-3.3190725 -3.1087499
-0.8771291 -0.68514824
0.09838581 -0.0031261444
-0.7811763 -0.7958982
-1.1168847 -1.1346116
-0.47318482 -0.47452044
-0.44362593 -0.11009598
-0.9115429 -0.89715815
-0.59155464 -0.36143112
-0.20509338 0.01751709
-1.2607939 -1.0851152
-0.8455219 -0.6060748
-0.6227157 -0.49966335
-0.6280687 -0.5865481
-1.5316195 -1.5036931
-1.1589923 -1.0648751
-0.87986565 -0.9210105
-1.5214221 -1.6454206
-0.32976532 -0.31319714
0.00879097 0.8691478
-0.4392519 1.9520984
-0.6567621 2.0438542
0.4244027 0.9269886
-3.5618992 -3.1877742
-0.6271322 -0.57278895
-0.29156828 -0.1218276
-0.31734562 -0.2977209
-0.43963766 -0.49882007
-0.29055357 -0.27366638
-4.770307 -4.1769395
-0.6165049 -0.48985624
-0.14932537 1.4764738
-0.5224643 -0.60330653
-3.4710402 -3.1557999
-0.73995256 -0.62992644
-2.4531727 -2.3866541
-3.3755443 -3.0666423
0.3236823 0.98873854
-0.9849565 -0.85409737
-1.3529587 -1.2529297
-3.268714 -3.1974032
0.0758872 -0.14322472
-2.0957632 -2.0254426
-0.9473288 -0.77942514
-0.8884609 3.3479095
-0.21566486 -0.22856617
-1.3377578 -1.2701321
-0.9540212 -0.84170103
-1.9847164 -1.9190736
-3.1683388 -2.8590965
-0.4083886 -0.15523863
-0.62391424 -0.69885063
-2.3902154 -2.2200491
-0.37774467 -0.39149904
-0.7485025 -0.7738812
-0.37149715 -0.43131876
-1.3836284 -1.3893366
-2.246749 -1.9793048
-0.1349616 0.11672211
-0.23642778 3.0975103
-0.68384767 -0.86246634
-0.78489614 -0.4744556
-3.2678804 -2.918372
0.25773907 0.3244567
-1.808439 -1.7355161
-0.53615355 -0.58755684
-0.6239662 -0.5826297
-0.76131344 -0.72766685
-0.3422041 -0.29244232
-0.7997618 0.73579264
0.29084206 0.11388588
-0.5046048 -0.5039127
-0.18118715 0.55555964
-0.23005104 -0.24329853
-0.8911166 -0.91471934
-2.252984 -2.0526354
-0.8114288 -0.8252311
-0.7287681 -0.6985531
0.017523766 0.84073496
-0.9561055 -0.84689665
-0.48734212 -0.48196888
-0.22539854 -0.25239706
-0.84314513 2.3737912
-2.1369724 -2.4163885
-1.7337306 -1.7203412
0.36777925 0.28321886
-0.9522407 -0.63609266
-0.14178371 -0.094788074
-0.11002827 -0.25294495
-0.468009 -0.45231724
-2.2256837 -2.042702
-2.599595 -2.4993155
-0.86890626 -0.7766602
-0.25551224 -0.17343092
-3.0832982 -2.9109993
-2.1458466 -2.0972366
-1.1473498 -1.1882391
0.13461828 0.12080431
-0.85616326 -0.79093957
-0.7148516 -0.9347842
-0.63122773 -0.6542635
0.3456421 0.15646458
-0.062385082 -0.1972642
-3.8660493 -3.091811
-0.38853884 -0.3418069
-0.037102222 1.9862761
-1.3177967 -1.3295302
-0.5481782 -0.56049967
-1.268817 -1.2834527
-1.9396133 -1.96629
-0.74053216 -0.53431726
-2.9297438 -2.617411
-0.2975049 -0.21748161
-0.41441345 -0.44827676
-0.70564985 -0.7485864
-0.60613084 2.3789868
-0.58450675 -0.73586464
-0.5606344 4.203263
0.0045309067 -0.091266155
-0.19638634 -0.13500595
-0.6862805 2.7276874
-0.5189545 4.727732
-0.15958834 -0.15746546
-0.4993217 -0.6396539
-0.0716095 -0.09642458
-0.102212906 -0.12456846
-0.7965746 -0.6731663
-0.7876408 -0.74223423
-0.39363337 -0.45969677
-1.4372976 -1.0601516
-0.35823774 -0.40201378
-1.1653864 -1.3128629
-0.3155551 -0.33241367
-0.39186907 -0.5163164
0.31659746 0.13393068
-0.66427517 -0.69110894
-0.06365299 -0.19133711
0.2552638 0.10675287
-0.39752102 -0.53177667
-0.72994256 -0.7325227
-1.1684573 -1.2255211
-0.65334153 -0.5829525
-0.363369 -0.18985415
-0.27840996 -0.33442163
-0.42909145 -0.0722208
0.20178509 0.033270836
-0.29350185 -0.27432775
0.12887383 0.8983679
-0.64597416 -0.5558281
-0.79123855 -0.82000446
-0.23841429 -0.23517132
-0.67140913 -0.6685431
0.30112314 0.19891262
-0.9737673 -0.8728423
-0.32215977 -0.39930487
-1.4984431 -1.3814342
-0.7075193 -0.80139565
-2.9068682 -2.6587389
-0.450675 -0.3782072
-0.6151595 -0.59435654
-3.550033 -3.1787922
-0.26600933 0.0014414787
-0.019412518 -0.058897495
-0.23564816 -0.22045183
-0.7055528 -0.34138393
-0.14745045 -0.19744444
-0.6917486 -0.5645535
-3.0999193 -2.994886
-0.3108225 -0.34960604
-0.44289732 -0.49836254
-0.37842083 -0.3935151
-0.19689512 -0.114786625
-0.69931746 -0.7052288
-0.509537 -0.72958946
-3.2602792 -2.9991953
0.26807404 -0.105332375
-0.8370471 -0.8394704
-1.479536 -1.5616567
-0.52384114 -0.512177
-0.7750242 -0.7482109
-0.4959867 -0.61036444
-0.87576246 -0.80420184
-3.7885864 -3.3838372
0.44435978 0.85159874
-0.05545473 1.4040236
-0.62208843 -0.5673456
-0.61294675 -1.055582
-0.31426573 -0.24845028
-0.84733343 3.4664311
-0.20660496 -0.12099171
-0.52110696 -0.49901104
0.13165998 0.07657766
0.022521019 1.5669065
0.09319925 0.023919106
-0.36052132 -0.41376448
-0.61829567 -0.39692497
-0.70056486 -0.7302499
-0.020564556 -0.11401558
-0.7554929 -0.8422699
-0.9894669 -1.1095047
-0.77755976 -0.72695637
-1.4302957 -1.3982921
-1.0313654 -0.8629999
-0.7412219 -0.719383
0.03366804 0.1693759
-0.4459982 -0.40908194
-0.6885321 -0.6147313
-0.42892075 -0.55111647
-1.289017 -1.4504933
-0.8157637 -0.80579185
-0.4436736 -0.41970396
-0.548913 -0.5809133
-3.347807 -2.9443963
1.3035254 1.1771736
-1.4567289 -1.9225636
-0.4343133 -0.5853796
-0.4546845 -0.5268247
-2.0485415 -1.8196931
-0.60831857 -0.7106898
-0.21419191 -0.2262497
-0.30940866 -0.34820938
-0.48406005 -0.50348854
0.31804752 0.2144723
-2.9792905 -2.7556252
-0.8562577 -0.87689734
-0.64199877 -0.7351203
-0.46727753 -0.45976377
-0.41007328 -0.45055628
-0.53478 -0.49535322
-0.3301053 -0.3654003
-0.7058406 -0.57920694
-0.3217144 2.8918147
0.16418839 0.1633172
-0.49200153 -0.38338947
-0.45664763 -0.5277724
-3.2355587 -2.9488852
0.2439518 0.056811333
-0.5851917 -0.6073446
-0.38770056 -0.49583173
-0.40780544 -0.42316675
-0.97677636 -0.99269223
-0.35265923 -0.4676044
-0.6879158 -0.010646343
-0.55382156 -0.55207014
-0.28467035 -0.47684932
-0.51244354 -0.52726984
-0.4926834 -0.4310751
-0.8490207 -0.84546757
-0.28898764 -0.26486015
-0.5409057 -0.59756756
0.38142776 1.5279517
-0.5623615 -0.48380923
-0.7164557 -0.68327856
-0.73648 -0.74841356
0.19851923 0.0023264885
-0.31211138 -0.45394826
-0.93165064 -0.86467075
-0.6357424 -0.6062751
-0.5355959 -0.54832554
-0.7639878 -0.7480049
-0.45852137 -0.41399145
-0.87558293 3.3154073
-1.9508681 -1.9822044
-1.7707939 -1.6088147
-0.603312 -0.5923648
-0.7647841 4.6278586
-0.96473145 -0.98270345
-0.8363919 -0.737901
-0.22334003 -0.43893194
-0.27398634 -0.31562662
-0.39902782 -0.48735762
-1.2859306 -1.1290178
-0.07606077 -0.21356916
-0.0011129379 0.50518703
-0.3774743 -0.25002384
-0.43499517 -0.4659853
-0.5967095 -0.5825033
-0.69873023 -0.64039445
-0.4350214 -0.40084362
0.27427387 0.11164522
-0.97352743 -0.9371505
-1.5250335 -1.486743
-1.3873482 -1.3228283
-0.1930747 -0.3323083
-0.4785738 -0.23935652
-0.84386086 -0.7076843
-0.74010086 -0.72022223
-0.6485591 -0.53456736
-0.03538847 1.2962413
-0.67405367 -0.59371424
0.23257113 0.08645201
-0.8445263 -0.75299144
-1.0135674 -1.0493114
-0.72541785 -0.8287585
-2.7162027 -2.5039988
-0.7399919 -0.7330122
-0.37109947 -0.4719174
-0.35361338 -0.33996058
-0.29474115 -0.26525545
-0.09299564 -0.18214369
-0.6183915 -0.73687935
0.3413186 0.1929717
-1.8162754 -1.724524
0.09038544 0.0026421547
-1.4755583 -1.161967
0.024088383 0.010252476
-0.9862726 -0.9154053
-0.47577 -0.45734286
-0.5193207 -0.58515215
-0.91319084 2.627586
-0.15911579 -0.11435032
0.19811916 -0.018191814
-0.70643306 3.8324285
-0.62234235 -0.7070401
-0.8158467 -0.7609992
-0.5138705 -0.066103935
-0.88702774 -0.7826371
-0.6023307 -0.55149984
-0.42809868 -0.4038682
-0.21315861 -0.096877575
-0.99013066 -0.7138245
-0.937186 -0.9622083
-1.6329553 -1.6107469
-0.5057976 -0.5250821
0.3688588 0.34417439
0.015617371 0.08104515
-0.550658 -0.50029516
-0.55923414 1.6410446
-1.5465124 -1.4453428
0.3057356 0.23929644
0.3077159 0.13688183
-4.785954 -4.2273393
0.13776207 -0.052839756
-0.53444934 -0.43581915
-0.44865274 1.1744218
-0.49087 -0.5720272
-0.5864763 -0.64270234
-4.166978 -3.6103716
-0.37685585 -0.3773632
-0.39990568 -0.49130273
-0.75941896 2.1550393
-1.4096549 -1.2210894
-1.0038016 -1.0066562
-1.9874282 -1.8653378
-0.55122375 3.1594777
0.39080477 0.2672124
-3.449193 -2.974719
-0.3477702 -0.3434534
-0.04930544 0.0067801476
-2.846158 -2.602987
-0.41737366 -0.38827753
0.05708027 -0.048520565
-0.55696726 -0.59499836
-0.45184755 -0.3888111
-0.47221518 -0.45177054
-0.77671504 -0.42801094
-0.4608426 -0.45706248
-0.8633876 -0.8490093
-2.9274883 -2.4916015
-1.0293772 -1.0539112
-0.18989325 0.058817863
-0.25975466 -0.23847198
-0.9962623 -1.0734327
-0.27129412 -0.50648737
-0.68434525 -0.5627732
-0.61097336 -0.5773008
-0.51271677 -0.3017888
-4.229587 -3.4642088
-0.84933996 -0.8183727
-2.3081617 -2.117187
-1.1056848 -0.933655
-0.5078542 -0.43161583
-0.69277215 -0.7276039
-2.0810237 -2.0822926
0.30003023 0.2597928
-0.94353414 -0.91940355
-0.8706124 -0.9272907
-1.860215 -0.8040111
-0.6873095 -0.29427385
-1.8292017 -1.5813694
-0.858438 -0.80226326
-0.5641496 -0.65539026
0.25174236 0.051879883
-0.67795205 0.5799694
-0.05567646 -0.098106384
-0.6214912 -0.51947594
-0.6655252 -0.6500926
-0.7888248 -0.60569406
-0.81931067 -0.31890106
-0.13971949 -0.09742737
-0.37417126 0.7294569
-2.2610157 -1.9928327
-0.5687864 0.4713049
-1.4162211 -1.3464537
-0.41063356 -0.3763647
-0.4572003 -0.42583275
-0.66697073 -0.62443995
-0.2717471 -0.3250985
0.11037922 -0.006456852
-0.46655297 -0.5197067
-4.409815 -3.8278935
-0.52922845 -0.5345726
-0.95641375 -0.96584153
-0.24644566 2.3386827
-0.18039846 -0.17411184
-1.0764985 -1.0468917
-0.48222756 -0.420475
-0.4325571 -0.46432662
-0.46352625 -0.25458145
-0.49536705 -0.5585673
-0.6349714 -0.62775683
-0.19680691 -0.12036085
-1.0705278 -1.1232677
-0.22165632 -0.4658413
-0.3794942 -0.39117193
-0.5857203 -0.55301666
-0.3084936 -0.33853483
-0.6571872 -0.37329578
-0.2590065 -0.41194725
-0.28291464 -0.13261747
-0.3279462 -0.41426468
-0.3588891 0.0099473
0.25016546 1.262888
-0.69611716 -0.74306107
-2.9053802 -2.5041733
-0.7057581 -0.7719016
-4.012182 -3.592714
-0.7629609 -0.4638114
-1.0708923 -1.2589428
-0.40115595 -0.36410856
0.22172546 0.067604065
-0.32397318 -0.34238243
-1.0871215 -1.0912697
-1.6686416 -1.5456312
-1.2101018 -1.236685
-0.26865005 -0.29737186
-0.60887504 -0.5899582
-0.30995035 -0.2868595
-0.6510575 -0.9898534
-2.157704 -2.040884
0.05398369 -0.06835508
-0.20310593 -0.30498075
0.9399128 -0.1446824
-0.40602255 -0.15443325
-1.466599 -1.4777291
-0.45144224 -0.4886136
-0.36634064 -0.006377697
-0.022456646 -0.034581184
-0.60894823 -0.71242046
-0.070183754 -0.16220093
-1.7013474 -1.617928
-0.33700085 -0.29585886
-0.36529493 -0.40483093
-1.0720847 -1.2047327
-0.35350466 -0.39928055
0.14716482 0.008971214
-0.28899002 -0.27262115
-0.73735476 -0.44401026
-0.3106475 -0.5321202
-0.81032515 -0.8458469
0.09076738 0.008749485
-0.5053382 -0.39247274
-1.0625994 -1.1756558
-2.0910664 -1.7498813
-1.3807039 -1.5478172
-0.47497463 -0.4446268
-0.58492994 -0.552443
-1.0410361 -1.239788
-0.46759963 -0.3689804
-0.5076835 -0.48412514
-0.791512 -0.7198186
-0.7737074 -0.5401454
0.0565176 -0.04330206
-0.48670578 -0.4583714
-0.49848104 -0.21484613
-0.77254915 -0.76970863
-0.42909527 -0.3025813
-0.7731755 -0.8680239
-0.47785616 -0.36827564
-2.588368 -2.5657487
-0.5322921 -0.515841
0.27922726 0.094359875
-0.4238081 -0.5593896
-1.2980902 -1.1972013
-0.16298628 -0.11859512
-1.0145612 -1.1577876
-0.6238947 -0.79111457
-0.6226895 -0.45345092
-0.38746977 -0.39613438
-0.14154387 -0.2186141
-0.22943783 -0.51251125
-1.1166599 -1.1811838
-2.9171162 -2.7408714
-0.46908402 -0.5324869
-0.46276093 -0.34525013
-0.6136584 -0.00077962875
-0.34726954 -0.31619835
-0.40426397 -0.3363285
-0.15796185 1.1511617
-0.6634636 -0.69173074
-3.579914 -3.2576604
-0.44640923 -0.51234436
-3.1481128 -2.8615365
0.23070288 0.1710658
-0.3907113 -0.2037034
-2.5145478 -1.9359727
-0.31152916 -0.3068123
-1.482764 -1.4970994
-0.5103488 -0.5420654
-3.5572844 -3.2004683
-1.1949155 -1.20822
-1.1899648 -1.4532185
-0.20093822 -0.26300287
-2.626431 -2.4486246
-1.3169582 -1.290067
-0.32961798 -0.33918524
-0.12367058 -0.4085145
-0.43010712 -0.4267726
-0.9662597 -0.9345889
-0.7282448 -0.73771834
-0.40996027 -0.3948784
-0.3713317 -0.3895011
-0.83483315 -0.79244876
-3.5835986 -3.3524618
-0.7599907 -0.7455325
-1.0799773 -0.99930334
-0.63000417 1.7700534
0.58831596 0.58172655
0.27762365 0.11133957
-0.39341593 1.623889
-1.0067894 -1.13729
-0.8474369 1.0154257
-0.5220218 -0.5596843
-1.1669567 -1.2156985
-0.25367498 -0.2841897
0.44083595 0.21121168
-3.0304482 -2.7463188
0.17813206 -0.0062265396
-0.3951621 -0.14393187
-1.0520978 -1.0144372
0.056148052 -0.3476572
-0.43505144 -0.47731543
0.22576523 0.06845808
-1.85061 -1.7130156
-0.8210778 -0.65417314
-2.0675807 -1.9700985
-0.37390423 -0.7149112
-0.52589345 -0.4510491
-0.8395355 -0.8760948
-1.0452435 -1.0003154
-2.3806415 -1.9573748
-3.3630893 -3.0786543
-1.0577884 -1.0530901
-2.3139274 -2.1064985
-0.39795208 -0.47682142
-0.8033967 -0.9457431
-2.4928927 -2.0808585
0.16092014 0.0024952888
-0.22870159 -0.27081633
-0.10594988 2.7435484
0.3427086 0.28302193
-0.2740302 -0.22900581
-1.2187977 0.91077566
-0.23876381 -0.3485322
0.13366652 1.7976365
-1.8045058 -1.5476437
-0.4667139 -0.47706866
-0.8341391 -0.6788242
-0.5870974 -0.5282705
-0.39042997 -0.42996645
-0.4994614 -0.41746092
-0.9503243 -0.8690758
-1.2448175 -1.3010113
-0.105807304 -0.11775017
-1.0276155 -1.128376
-0.20812607 -0.25607157
-3.017601 -2.6768546
-3.0785513 -2.7726624
-1.0335386 -1.0024788
-0.40765858 -0.4641192
-0.28653955 -0.19815874
-1.0689166 -1.0887222
-0.9725125 -1.0410872
-0.4008093 -0.25536108
-0.75608087 -0.61658907
0.32787943 0.4278159
0.31787252 0.14552307
-0.7919204 -0.8813789
-3.8857691 -3.1615717
0.6169467 0.6928582
-1.4161391 -1.5124917
-0.54723024 -0.49697685
-0.3474946 -0.47964072
-0.2446661 -0.22024488
-0.6342881 -0.61826515
-0.73513937 -0.8279834
-0.5277996 -0.5488131
-1.957169 -1.8336744
-0.24938726 -0.2836113
-1.2370393 -1.1971645
-0.60700536 -0.6576438
0.29051304 0.081480026
-0.6803813 -0.68509436
0.098618984 1.2388444
-0.72215796 -0.46656942
-2.1809106 -2.033375
-1.2233233 -1.0225434
-0.52721786 -0.649796
-0.91589 -0.95177865
-0.3818679 -0.48312807
-1.0595145 -1.0479069
-2.1913035 -2.1121264
-1.2882681 -1.0104249
-0.06735945 -0.17960882
-0.54931974 -0.12463617
0.0114860535 -0.16701937
-0.43815994 -0.3937235
-0.60295033 -0.58723664
-0.22265863 -0.29848194
-1.526197 -1.604229
0.09263039 0.024328232
-1.7774546 -0.9318454
-1.0038676 3.5992465
0.27108717 0.1800623
-0.53088665 -0.4192114
-4.453758 -4.043794
-0.19304657 -0.24838638
-0.415339 -0.48185682
-0.604866 -0.5585656
-0.7204566 -0.81862783
-1.9153042 -1.7908003
-0.83492327 2.5203657
-2.0447276 -1.8496044
0.0024933815 0.8052616
-0.83095646 -0.26315212
-0.62923956 -0.6049695
-2.4003925 -2.2423823
-0.5055411 -0.71401477
-0.7166045 -0.67245936
-0.5494907 -0.6771064
-0.27821064 -0.28410053
0.20736265 0.044309616
-0.86014605 -0.6116195
-2.6827688 -2.2516313
-0.8414173 -0.8917475
-0.34433365 3.0066214
0.20486927 0.07264328
-1.0285263 -1.0645468
-0.4034686 -0.47306275
-0.55946136 -0.5943029
0.24793339 -0.030360699
-1.0787244 -1.1611824
0.37522364 0.2894926
-0.5440705 -0.46671486
-2.460781 -2.402162
-0.80227375 -0.7183895
0.10460663 -0.0028657913
-2.0494733 -1.9508052
-0.28757 -0.3368721
-3.0765088 -2.9114962
-2.0320363 -1.4551759
-0.57101345 -0.50832295
0.12908745 1.1149883
-0.24670362 -0.071439266
-1.116003 -1.3772769
-1.1873257 -1.2108221
-0.48665142 0.62463427
-1.2413158 -1.1892824
-0.7200053 -0.26793432
-1.4485006 -1.5514774
-0.42698622 -0.38031816
-0.6010332 -0.7129998
-0.5369282 -0.33449888
-1.1049721 -1.0396726
-0.17132616 -0.3075323
-0.3321166 -0.2972498
-0.48643613 -0.40062952
-0.41974068 -0.44466543
-0.25204897 -0.37592316
-0.2067585 -0.21299171
-0.60954213 -0.6138871
0.4209571 0.3475957
-0.26201725 -0.10492039
-0.096205235 -0.13671494
0.22582054 0.07825947
-2.9941282 -2.9731233
-0.3086877 0.7845235
-0.28346348 -0.3199191
-3.1944728 -2.776463
-0.5502045 -0.40942
-1.7001216 -1.5916185
-4.251001 -3.7449458
-0.67855525 -0.728003
-0.53675175 -0.43750763
-1.9088318 -1.5099978
-0.55112076 4.4396586
-0.6588023 -0.5637193
-2.3329756 -2.188586
0.23528671 0.26165104
-0.70171523 -0.6589527
0.22721672 0.05378723
0.06663418 -0.0153570175
-0.2784567 -0.2580862
-0.82106423 -0.59533095
-1.1449356 -0.71486473
-0.5434766 4.2608733
-0.7311983 4.1857257
0.19514084 0.018604755
-0.75887823 1.9074068
-2.5351968 -2.4364274
-1.0254414 -1.0904751
-0.43372726 -0.46564937
0.2717247 0.18970251
-1.3346467 -1.3466794
-0.5540285 4.8642097
-0.9340625 -0.6875987
-1.0116894 -1.0399203
0.036358356 -0.05970049
-0.355834 -0.405694
-0.20662832 -0.09648752
-0.5353575 -0.5589149
-1.7463124 -1.793875
0.19903183 0.03916931
-0.6325629 -0.63664913
-0.21588326 -0.47463036
0.43255234 1.1871791
0.38425398 0.31670523
-0.5542624 -0.40690136
-4.180624 -3.844074
-0.7684021 -0.71121764
-0.72079253 -0.63512206
-0.5287392 -0.900331
0.24958372 0.0938797
-0.8625088 -0.87832
0.2935338 0.14798594
-0.52779436 -0.43043566
-2.3321671 -2.1215096
-4.077349 -3.8640044
-0.6498828 -0.6483753
-3.2156386 -2.935507
-1.0519795 -1.2182896
-0.44829512 -0.4431939
-0.73101044 -0.7650943
-1.0412772 -1.1187217
-1.9605601 -1.6893592
-2.4427545 -2.0914571
0.15960693 0.14534378
-0.70177245 2.3901515
-0.93850684 -0.8784306
-0.009594917 -0.15365982
-0.3641858 -0.4384904
-0.66088676 -0.7373321
-2.7090988 -2.4446697
0.17418957 1.0554061
-0.6845262 -0.6759887
-1.9103422 -1.6518579
-0.45470142 -0.47767997
0.25690794 0.17379951
-0.36235285 -0.3958745
-0.47225976 -0.32646322
0.012901306 0.018470287
-0.46221018 -0.44202518
-0.7991562 -0.21922445
-0.84771657 -0.7567544
-3.7056143 -3.4142783
-2.7528348 -2.5144973
-0.26053953 -0.27526855
-3.4732442 -3.165322
-4.47788 -4.0969105
-0.5912342 -0.5908191
0.21306849 1.0669646
-0.44422054 -0.34072876
-4.7425947 -4.09949
-3.3720722 -3.0371313
0.28719807 0.20624542
-0.7849057 3.1942725
-0.92546034 -0.86966753
-3.3528843 -2.8541143
-0.3857813 -0.29756927
-0.86411595 -0.9784913
-1.0090938 -0.99940515
-3.2165747 -2.8995175
-3.173264 -2.842121
-0.22232771 1.7514405
-3.8504622 -3.4067492
-1.1113043 -1.0262618
-2.3466477 -2.1683273
-0.44053698 -0.48851967
-0.45374012 -0.5311842
-2.286177 -2.068282
-1.963417 -1.6350472
-1.8529646 -1.712059
-3.4846435 -3.1314785
-0.051752567 0.008092403
0.29588842 0.19856548
-0.6629007 -0.71522975
-1.1043632 -1.1397955
-0.6283889 -0.541775
-1.3267927 -1.3841822
-0.62457514 -0.6594672
-0.32686758 -0.36193419
-4.399158 -3.878211
-0.25616693 -0.41144466
-0.90708613 -0.8775542
-3.179163 -2.934183
-0.7319691 -0.71576047
-0.8519261 2.9402943
0.05532837 -0.06350756
-0.3335228 -0.49014044
-0.6636894 -0.747736
-0.71853447 -0.48324466
-1.0125432 -0.8543782
-2.5856647 -2.3150587
-2.485881 -2.3790414
0.046565056 1.2135258
-0.2932434 -0.26070166
-0.63865256 -0.664423
-0.6379669 -0.7175906
-1.5387793 -1.6801462
-1.7474258 -1.64182
-2.5536866 -2.1999795
-0.28849745 -0.41662788
-1.6956456 -1.6237442
-0.5186844 -0.58403754
-0.39068174 -0.53231645
-0.115540504 -0.108585835
-0.27123594 -0.21748829
-0.7023921 -0.60936356
0.0820241 0.012129784
-0.32009077 -0.05318737
0.39461803 0.34382343
-0.7738087 -0.8832996
-0.17929411 -0.28695393
-3.5177686 -3.100637
-1.0384521 -1.2093289
0.28468704 0.10777998
-0.42285585 -0.41821384
-1.9725697 -1.8962374
-2.6424909 -2.559237
-3.1522322 -2.8661475
-0.58738446 -0.6484847
-0.13705873 -0.11964607
-0.7631438 -0.76334834
-0.607023 -0.71234727
0.300673 0.17036676
-1.2257888 -1.240221
-0.66672397 -0.6851077
-3.2601504 -3.0080814
0.0049238205 -0.02970028
0.22844744 0.058705807
-0.49611855 -0.53823066
-0.49917197 -0.52779603
-0.13828993 -0.12535763
-0.72354007 -0.6283767
-0.0022792816 1.3769512
-0.2508092 -0.2733674
-0.6197152 -0.65380836
-3.868851 -3.6027524
0.3211131 2.0045776
-2.7834249 -2.233828
-0.61428237 -1.2887745
-0.7036023 3.6458163
-1.6984646 -1.7241721
-0.27297926 -0.37967777
-1.1276648 -1.0716414
-0.3147359 -0.2778945
-1.0973463 -1.1665664
-0.80348015 -0.9161637
-0.5427675 -0.68293214
-1.1486595 0.007100582
-0.397295 -0.47965097
-0.408926 -0.4633944
-2.301414 -2.134477
0.15927744 -0.0007510185
0.2867794 -0.19685507
-0.37003708 -0.4469633
-0.4951012 -0.6220696
-0.21593428 -0.16849089
-1.0196881 -1.046354
-1.2664363 -1.2835305
-1.2779491 -1.3328342
-0.26586342 -0.19132519
0.35314178 0.18697166
-1.4300013 -1.4253163
-1.1814299 -1.0350566
-0.51779103 0.00490427
-0.8646982 -0.84933543
-3.0241055 -2.567521
-3.1765275 -2.8069391
0.35282183 0.20035124
0.06676626 -0.032634735
-0.74399114 -0.8260696
-0.3940339 -0.31993246
-0.36916304 3.6613622
-0.6795044 -0.7192881
-0.028671741 -0.24533367
-1.470931 -1.4262042
-0.59118533 -0.6653323
-0.30348063 -0.3327031
-0.5188396 0.44344473
-0.576308 -0.60558033
-0.42893457 -0.4126606
0.054790974 -0.050006866
-0.49468255 -0.45981145
-1.1582508 -1.326113
-0.8089826 -0.92705274
0.6522908 0.35348034
-0.5702281 -0.60391855
-3.5440729 -3.1484332
-0.22584629 3.2909684
-0.46852422 -0.38858366
-0.6241591 -0.63709164
-0.22006893 -0.26266432
-0.7430308 -0.442245
0.3279462 1.8395095
-0.13054848 -0.19554186
-1.8187153 -1.7457898
-0.4355774 -0.40599585
-1.4744067 -1.3841643
-0.52486753 -0.5889876
0.17534113 0.042149544
-0.27281094 -0.27744675
-0.93672585 -1.0068707
-0.8913591 -0.8639209
0.11605549 0.7349353
-1.4510052 -1.3845339
-0.52402425 -0.511961
-2.2812746 -2.2781656
-0.7034714 -0.57434773
-0.6799445 -0.74137354
-1.3955774 -1.2672617
-0.21206808 -0.27805185
-3.1996315 -2.9722552
-2.4716415 -1.252815
-0.80772495 -0.7664194
-0.95277905 -0.89584684
-1.7440481 -1.5556793
-2.4480247 -2.2314732
-0.40679026 -0.4682541
-0.6490226 -0.6424515
-0.74619126 -0.81828976
-0.76180434 -0.8005514
0.22857714 0.11313629
0.21442652 0.02977848
-0.7887764 -0.8249457
-0.45983458 -0.59190345
-0.55879664 -0.6257191
-0.64997554 -0.5965097
-2.987319 -3.186123
-0.8094747 -0.81904554
-0.61913276 -0.6454735
-0.05214882 -0.16088676
-1.69294 -1.5848079
-0.25032425 -0.33149576
0.23956251 0.46151924
-4.3591623 -3.8313618
-0.70631313 -0.69441867
-0.3616047 -0.39348173
-1.0629942 -1.0529323
-0.53180647 -0.48027182
-2.2787776 -2.0587223
-0.67830515 -0.8127067
-0.5497391 -0.54868174
-0.5567639 -0.47823477
-1.0043678 -0.53318286
-2.3338864 -2.1854558
-0.13463402 -0.22583532
-0.44299793 -0.45223737
-0.87308526 -1.0098193
-0.5662801 -0.65368724
-1.2705076 -1.2793188
-0.7594776 -0.8383441
-3.0881495 -2.7777824
-2.5343843 -2.3910868
-0.71996 -0.79439664
0.41637087 0.17400551
-0.7930031 -0.83148193
-0.5348294 -0.5852442
0.107964516 4.8999705
-0.5571387 -0.7194538
-0.6323111 -0.6318557
-0.88705945 -0.9623289
0.013004303 -0.08586073
-0.7522702 -0.76481414
-0.2044754 -0.25309134
-0.17487717 -0.19613647
-2.6998124 -2.699161
-0.7195604 -0.7135625
0.26662874 0.105891705
-0.5366554 -0.20291996
-0.15646315 -0.19127798
-0.65598226 -0.5840578
0.39789295 0.26712942
-0.47648764 -0.58749056
-0.20088053 -0.23117971
-0.23421812 -0.35272837
-0.29117632 -0.28746796
0.29986143 0.20595407
-3.1720462 -2.8150935
0.3535223 0.21001816
0.33360672 0.27605152
-0.08204079 -0.047196865
0.29834223 0.16253567
-0.22944832 -0.25332928
-0.46557856 -0.44611073
-0.37062263 -0.34455347
-0.46512437 3.5336194
-0.9981117 -1.0852563
-0.44236422 -0.4318099
-0.80395365 -1.0760679
-2.1308923 -1.9636011
0.10291481 -0.0112257
-0.6597252 -0.64908767
-0.5961175 -0.644887
0.09340477 1.8338375
-0.3158598 -0.34054565
-2.0942712 -1.8320613
-3.440878 -2.909639
-0.71595 -0.7379377
-1.0487816 -0.9671848
-2.2650187 -2.0680625
-0.13540745 -0.18637133
-3.230969 -2.9738
-1.1728673 -1.3107102
-0.10278845 -0.11709547
-0.18793535 0.08872938
-0.74286103 -0.71338177
-0.16615677 -0.06373358
-0.41505718 -0.35179996
-0.42257595 0.10528183
-0.7025547 -0.8328738
0.49895477 0.273942
-0.33937216 -0.36803198
-0.2715211 -0.47451115
-3.4581623 -2.5771163
-0.48545074 -0.50131845
-0.66377187 -0.69626904
-1.9403822 -1.744194
-0.9873898 -1.0431521
0.2630353 0.5985131
-0.11584854 -0.088962555
-0.83778906 1.873282
-0.7446606 -0.8227999
-0.5750978 -0.41853
-0.22761393 -0.1674118
-0.58483815 -0.7378006
-1.3122613 -1.3116765
-1.3744383 -0.22519827
-0.35453844 -0.34815884
-2.7831213 -2.4280117
-0.8201096 -1.008914
-0.29710007 -0.26575184
-0.05763626 -0.25165987
-1.4689713 -1.5000646
-0.47237563 -0.47019792
-2.419286 -2.282302
-2.268272 -2.313631
-1.9519019 -1.93293
-0.96999407 -0.9968643
-0.6547828 -0.6376507
-4.6399717 -3.785919
-1.2752855 -1.1208408
0.13703251 0.25282574
-0.99745154 -1.0696659
-0.8901031 -0.9505582
-0.35843992 -0.3825903
-1.3951609 -1.2412972
-3.1423273 -2.8543296
-0.32911396 -0.37828207
0.31087017 0.50085974
-1.079176 -1.008842
-0.99014735 -0.9576049
-0.18342209 1.7449903
-0.1151185 -0.2249651
-0.8756211 -1.0247421
-0.006600857 1.6270008
-0.7695317 -0.7631593
-1.3012264 -1.2620859
-0.72927237 -0.72283363
-3.151044 -2.9189389
-0.6516001 -0.47744083
-1.6809809 -1.6614971
-1.6599469 -1.5630331
-1.0208483 -0.9070201
0.057857037 -0.018508911
-4.3529363 -4.0078635
-0.87384605 -0.82863855
-0.4953637 0.58896685
-0.7048526 -0.71499443
-0.94865704 -0.551285
-1.0912752 -1.017179
0.04038763 -0.07266188
-0.40765476 -0.5043936
0.21081257 -0.7139287
0.14286423 -0.01999855
-0.9093847 -0.9676533
-0.39469194 -0.47676754
-1.9479804 -1.8648286
-0.24389696 -0.32239914
-1.0578709 -1.0182157
0.1847558 0.042199135
-3.2732546 -3.014907
-0.43764305 -0.50992846
-0.76198745 -0.7961786
-0.7134154 -0.697629
-4.391497 -3.9551086
-0.4319105 -0.43511295
-2.0412996 -2.0214803
-0.81905055 -0.7956629
-3.5726762 -3.2338674
0.30872536 0.15135288
-0.04079342 1.8560834
0.1739726 0.18019772
-0.83523893 -1.0218573
0.0028562546 -0.029772758
-0.80981684 -0.78935194
-4.0973463 -3.3720148
0.012629509 1.1491108
-0.73977566 -0.6905308
-0.023864746 -0.056820393
-0.9510577 0.6317334
-0.4633093 -0.37401915
-0.8120334 0.08276796
-1.7317464 -1.4706469
-0.86088324 -0.8596606
-1.9584944 -1.8630581
-0.95056224 -0.87174726
-0.42808342 -0.33599472
-0.5249362 -0.35954714
-0.6363292 -0.51266074
-1.278192 -1.3527122
-0.5751152 -0.61193395
-1.3420718 -1.2110062
-0.92444324 -0.94470406
-0.75446296 -0.74981976
-0.9989865 -0.9728358
-0.6412096 -0.46003342
-1.2359152 -1.1898112
-0.91239595 -0.9095144
-2.3281837 -2.1887114
-0.87186766 -0.77333426
-0.81285334 -0.58411
-0.67591476 -0.7034204
-1.6204681 -1.6666789
-0.24084997 -0.21224785
-0.14912081 -0.18629503
0.015725613 -0.03554392
-0.4424224 -0.39445066
0.033872604 -0.13079453
-0.79215 -0.8378954
-0.35963488 -0.17791367
-1.4286325 -1.1441307
-1.5074952 -1.4263783
-1.0870328 -1.2826812
-0.92922306 -0.94502354
-1.0380497 -1.0242038
-2.2250352 -2.1523771
-0.19894743 -0.27345037
-0.5835712 3.421548
-0.5051768 1.7994347
0.39437008 0.19902468
-0.8823941 -0.7309582
-2.4096286 -2.3276148
0.053635597 -0.0800724
-0.9703679 3.031167
-0.35635614 -0.38346052
-2.3004842 -2.1053345
-0.6670842 -0.6711893
-0.307549 -0.34178448
0.514832 0.7151208
-0.8783977 -0.9653342
-0.72732735 3.472549
-0.37665844 -0.23030472
-1.2579808 -1.313242
-1.0784235 -1.174948
-0.20320988 -0.30946732
0.27897263 0.20736408
-0.6281853 -0.5980511
-0.6018436 0.13352776
-3.13891 -2.8523955
-0.93358755 -0.81085825
0.31361008 0.14496756
-0.480587 -0.5236268
-2.7174149 -3.1105793
-1.1244717 -1.2003474
-0.39109898 -0.4456129
-0.5084441 -0.33273792
-2.6120517 -1.6852424
-0.8221874 3.1987004
-0.6240549 -0.69078374
-1.1176393 -1.179326
-1.7852409 -1.6991673
-0.5655458 -0.5638499
-0.8931837 -0.9120858
-2.8501227 -2.668499
-0.21602249 -0.23544359
-0.8693762 -0.8739245
-1.17958 -1.0551996
-0.85838914 -0.842813
-1.0068598 -1.191894
-0.81877637 -0.90975595
-0.34084034 -0.42469406
-0.37629318 -0.17893314
-0.6960702 -0.73227096
-3.8637335 -3.2696414
-0.48777843 -0.4665742
-0.66517043 -0.70047617
0.040418148 -0.15227365
-0.52439356 -0.6032021
-0.14336967 -0.2172494
-1.1938899 -1.1607747
-1.9758475 -1.9158397
-0.7834914 -0.7796416
-2.0512867 -2.0358684
-0.33102655 -0.378819
-3.464316 -3.1749372
-1.7537923 -1.7173645
-3.1006136 -2.8412287
-0.150424 -0.20969152
0.5080948 0.66393423
-0.30824184 -0.36133623
-0.876606 -0.807179
-0.40713692 -0.4340191
-0.7221291 -0.7981019
-0.8346162 -0.83246326
-0.6650622 -0.35698843
-0.5750084 2.459166
-3.207891 -2.8437862
-0.45661926 -0.4660225
0.07464886 0.03644085
-1.7436416 -1.7355027
-0.5098064 -0.46145535
-0.2618246 -0.35244942
-2.4470043 -3.5178165
-0.5808575 -0.35888386
-0.5663769 -0.4285202
-0.6321695 -0.33657598
-0.11444044 -0.106548786
-0.23478365 -0.41426706
-0.50615907 -0.62143445
-0.73954415 -0.85131717
-0.8428035 4.025371
0.23077965 1.4058819
-0.28808975 -0.43489027
-1.3163769 -1.2230418
-0.76037264 -0.67779493
-0.5640261 -0.58444
-0.11703491 -0.23964691
-0.1906023 -0.356647
-0.43021727 -0.077513695
-0.39770126 -0.43005133
0.34869576 0.29397917
-0.84985185 -0.84084773
-1.0925579 -1.1203969
-0.18910646 -0.25201368
-0.7382386 -1.0230575
-0.9680655 -0.7118416
-0.23949051 -0.6751721
-0.9000232 -0.9457762
-0.49138856 -0.5137012
0.19941759 -0.18376064
-0.9079914 -0.879524
-0.60119414 -0.51910377
-0.5896051 -0.5195761
-0.6750548 -0.6670537
-0.19406462 -0.13456249
-2.3872292 -2.4209392
0.06211853 -0.04958248
-4.47094 -3.896416
-0.28399467 -0.4329915
-0.9136486 -0.97999334
-2.5287323 -2.384897
-0.54654455 -0.5232918
-1.2741294 -1.1901178
-0.013361931 -0.062407494
0.06755304 0.0045027733
-0.82876396 -1.0215356
-1.6922364 -1.6841626
-3.1545215 -2.9174497
-0.9117124 -0.9011359
-0.44332647 -0.45779943
0.4022584 0.2002182
-0.49877763 -0.54718685
-0.99002004 -1.2823093
-3.9014812 -3.2171085
-0.9932792 -1.0440135
-0.45204186 -0.39411068
-1.1837487 -0.8063381
-0.94759965 -0.685338
-0.1674962 -0.20709562
-0.3343444 -0.36063194
-0.4206133 -0.392879
-0.6170938 -0.66786814
-1.5958266 -1.521308
-0.16375446 -0.14355707
-0.47957158 -0.5350244
-1.0322595 -1.0841784
-0.3371997 -0.4973426
-0.60766745 -0.6979947
-0.48887372 -0.45753694
-0.4336028 -0.018524647
-0.8173976 -0.6462586
-2.4612918 -2.220775
-0.669436 -0.63440895
-2.0191977 -1.8968992
-0.7890563 -0.4825518
-1.0434568 -0.46742177
-1.0302265 -1.0438004
-0.53395796 -0.5823698
-0.99064326 -0.7698877
-2.064049 -1.8365765
-0.42439938 -0.37604284
-0.29577494 -0.14511204
-0.116238594 -0.12820435
-0.5753851 -0.59673405
-0.6906071 -0.6374419
-0.5873201 -0.5129049
-0.9232383 -0.5807054
-1.1776919 -1.2325969
-0.14656878 -0.1980443
-0.503016 -0.7012081
-0.44746637 -0.52349854
0.33964348 0.219522
-0.26634264 -0.36476088
-1.8035893 -1.1372676
-1.6694779 -1.3866858
-0.42401552 -0.40964842
-0.15106487 0.78636885
-0.34840918 1.011569
-1.0136333 -1.126966
0.03161478 0.15136003
-0.30961657 -0.3307128
0.19440746 -0.23949671
-0.62751055 -0.6646385
-0.8191259 -0.75996995
0.42442274 1.2769294
-0.47443223 -0.6370244
-2.6007683 -2.4146616
-0.8943267 -0.8402729
-0.3628912 -0.31508398
-0.4157238 -0.30843592
-0.3758812 -0.30080843
-1.8957868 -1.9325163
-0.5267587 -0.7049031
0.24910069 0.053295612
-0.8559184 -0.86552477
-0.619529 -0.685724
-0.70110106 -0.6676612
-0.5356982 -0.5200391
-1.2290587 -1.2139931
-0.6134896 -0.6315999
-0.13300657 -0.13072872
-1.5808244 -1.6824145
-0.942631 1.0576968
0.13832283 -0.105445385
-0.7840979 -0.8013489
-0.3145814 -0.57910585
-1.1069889 -1.1149769
0.15654612 0.047808647
-0.45891666 -0.23037386
-0.300385 2.4591494
-1.6166859 -1.6193066
-3.0587065 -2.6804197
-0.8454504 -0.93403244
-1.8500388 -1.7964406
-0.3067417 -0.32729197
-0.15387726 0.047357082
-0.7913239 -0.8861227
-2.1102715 -1.9975991
-0.8535888 -0.69621634
-0.6969483 -0.7100191
-0.5233555 -0.5931814
0.23467779 0.124203205
0.011260033 0.25254154
-0.32264614 1.7945948
-0.68178725 1.5455613
-0.58675504 -0.5647552
-1.2773321 -1.384213
-0.3356552 -0.27916193
0.45215225 0.22471571
-1.4200153 -1.447844
-1.1751604 -1.2790954
-0.37755966 -0.45032072
-0.25468016 -0.25426674
-0.20839548 1.0752268
-0.52194643 -0.75932145
-0.9344616 -0.8381872
-2.6897855 -2.494236
-0.669925 -0.67915845
-0.46101546 -0.46575117
-1.9850154 -1.7107673
-0.67444634 -0.6079552
-0.7700496 -0.87736917
-0.94954324 -0.86403084
0.009553909 -0.07556486
-1.031167 -1.0922434
-0.44977975 -0.6835289
-1.501132 -1.5059698
-0.63166356 -0.98637414
0.4553628 0.40870667
-0.85236335 -0.78200984
-0.81183076 -0.78199863
-0.64393353 -0.6162238
-0.43902493 -0.5219741
-0.57288575 -0.573169
-0.3767476 -0.44093084
-0.27445173 -0.2773633
-0.31646252 -0.48073077
-0.76971054 -0.8302851
-0.45214748 -0.51973844
-0.7201729 -0.25142145
1.5007443 0.92871
-0.59771204 -0.62615156
-0.32706976 1.1807389
-1.5845246 -1.3603182
0.07731485 1.9953012
-0.86584044 -0.99248075
-1.289614 -1.1633964
-2.0685275 -1.8237455
-0.347085 -0.32192755
-0.8985505 -0.7661004
-4.8084044 -4.1410666
-0.25969744 -0.17111301
-0.6720073 -0.7895031
-2.5222325 -2.0001702
-0.898021 -0.9155612
-0.55551076 -0.6879182
-0.95145416 -0.8845937
-1.0404747 -0.43886852
-1.2602851 -1.1826494
-0.5497196 -0.4380498
-0.24455547 -0.30265236
0.2641945 0.15686655
-0.315629 -0.36568022
0.51658773 0.7867079
-0.76501656 -0.7613864
0.26376295 0.080523014
-1.3187153 -1.4071293
-0.7439563 -0.3775096
-0.5876882 -0.7361078
-0.7365837 -0.7728245
-0.37036753 -0.30858612
-0.50289655 -0.34639215
-0.42570162 -0.34725094
-0.6832123 -0.65698624
-0.7179909 -0.6704776
-2.4105563 -2.0483515
-1.768826 -1.8223488
-0.19982481 -0.30313873
-0.9013443 -0.86761355
-0.80691767 -0.7966285
-0.9491129 -0.960798
-3.4188437 -3.0583844
-2.9894977 -2.9097033
0.24358988 0.07185793
-0.14140224 -0.16958332
-0.52389 -0.63448954
-0.59728885 -0.52342725
-0.50939226 -0.19347334
0.29782724 0.16281033
-3.6104019 -3.3060572
-1.7949953 -1.7554994
-0.124732494 0.9994068
-0.73949003 -0.7203791
-1.0644367 3.048698
-2.041046 -1.9564986
0.31101513 0.25907326
-0.4991753 -0.7435267
-1.0124769 -1.0936637
-2.7524238 -1.8995206
-2.436488 -2.1033208
-0.59030056 -0.33177185
-0.8574252 -0.87861705
0.27381897 0.37384653
-0.7713344 -0.691201
-2.5922782 -2.3829477
-0.3461771 -0.41626453
-0.17715931 1.579565
-0.83773327 -0.36341095
-0.8840151 -0.97782636
-0.6608901 -0.48451138
-0.54457736 -0.48393822
-0.4194355 -0.4805472
-0.63979363 -0.6924987
-1.5102999 -1.9221358
0.26535368 0.094954014
-0.79316306 -0.71731186
-0.3844123 -0.35914278
0.017177105 -0.101686
0.1611762 0.008339405
-0.21696997 -0.29775953
-0.7790675 -0.7154236
-0.69671273 -0.52377415
-0.4877441 -0.55926275
-4.7108464 -4.1433825
-1.592881 -1.2560859
-1.1840208 -1.2638052
-0.8016653 -1.015193
0.2279563 0.087079525
0.2748165 0.1233716
0.25548983 0.07407379
-0.28650522 -0.26921988
-0.7599902 -0.6723175
-0.463058 -0.33189344
0.4849844 0.531796
-0.8667569 -0.49995208
0.31052876 0.15416479
-0.57403016 -0.5588827
-0.9488878 -0.4331174
-0.9540465 -0.932549
-0.058082104 1.6765728
-0.1366353 -0.22502422
0.496912 0.26850367
-0.27446032 -0.3810563
0.20776463 0.07510471
-0.2722168 -0.2594347
-0.7253015 -0.7127757
-0.52248096 -0.46584058
0.16231632 0.10510063
-0.67855525 3.5500221
-1.5029869 -1.4890924
-0.90865374 -0.97433114
-0.71196985 -0.33130074
-2.0920565 -1.5966022
-1.008434 -1.1380806
-0.5794909 -0.6642597
-0.09561348 -0.09232235
-1.2201335 -1.226079
-0.8385136 -0.82190776
0.36867142 0.24587965
-2.1458704 -1.7960765
-3.9364228 -3.4597564
0.13158369 -0.00715065
0.09315777 -0.07515907
-0.65410066 -0.664382
-0.6178434 -0.4496026
-3.260425 -2.9541287
-0.67920446 -0.6373005
0.06897211 -0.13903284
-0.1666379 -0.20130587
-0.8557286 -0.7782655
-0.5474794 -0.66193914
-0.625175 -0.28377008
-0.56233954 -0.6500702
-1.4720683 -1.4313269
-0.9280572 -1.0046561
-0.86912394 -0.7173917
-0.021782875 2.386394
-0.49348402 0.06630516
-2.705304 -2.3709764
-0.20629215 -0.26468706
0.35984087 2.222364
-0.24259949 -0.27748394
-0.21589184 1.0067534
-1.1640162 -0.70581675
-0.4600556 -0.66611624
-0.31092072 2.984446
0.30302572 0.17084122
-0.035866737 -0.038139343
-0.18316364 -0.2546463
-0.97055507 -1.0374012
-0.1290102 -0.23208904
0.45627832 0.19205809
-0.59050083 -0.20539474
-1.5425348 -1.6110334
-0.14892387 -0.21625805
-1.4915421 -0.8844614
-2.6816983 -2.390597
-0.7885418 -0.8468919
-0.2845707 -0.52523184
-0.6220896 -0.6050997
-1.1969488 -0.7914133
-0.27173138 -0.2752366
-1.6435673 -1.5220375
-0.5623393 -0.54636765
-0.9611378 -1.0461259
-0.7118027 3.2108722
-0.91433597 3.5788522
-0.90191793 2.6754231
-0.121227264 -0.21395588
-0.4877119 -0.69868517
-0.45798326 -0.40583563
-0.7440045 -0.7942276
-0.69452477 -0.7794771
-0.3908491 -0.014344215
-0.3906088 -0.32723188
-0.6299262 -0.7155504
0.103717804 0.12733126
-0.5302155 -0.46899486
0.2517314 0.04596281
-1.4604092 -1.7347612
-0.7008238 -0.6292236
-0.5395522 -0.5186651
-2.0727046 -1.7333093
-1.3638611 -1.2892668
0.47214365 0.21821404
-1.3772445 -1.4034867
-0.24815369 -0.25800228
-2.1337087 -1.9585564
-0.30965757 -0.33309793
-1.3224733 -1.243679
-0.52670026 -0.5684855
-0.06340313 -0.13136339
-0.6542146 1.703146
-0.16771936 -0.1515317
-0.40540552 -0.3009963
-0.5181787 -0.5199518
-4.583041 -4.022395
-2.379951 -1.8766692
0.1385355 0.0068616867
-4.362304 -3.9879231
-0.29954386 -0.2698984
-1.1871552 -1.1135936
-2.0767696 -1.6944933
-0.19900036 -0.19740295
-3.292017 -2.618393
-0.9988506 -1.0715542
-0.49821138 -0.64174676
-0.3379197 -0.23579788
-0.9637399 -0.81948376
0.38297892 0.14867544
-0.5110588 -0.47673774
-0.8696449 -0.86226153
-0.6061983 -0.56377864
-0.4895463 1.1228971
-0.45883965 -0.5501001
-0.099069595 0.75321674
-0.14926958 -0.1610589
-2.0408907 -1.746377
-2.7577085 -2.8382177
-0.3284955 -0.34167337
-2.7740293 -2.4418807
-0.35071993 1.609746
-0.9861276 -0.86407447
-2.2667594 -2.1241937
-0.38922596 2.2093086
-1.4430466 -1.455018
-0.110897064 -0.089076996
-1.6414247 -1.4072235
-0.090078354 -0.06328392
-0.65168095 -0.67290306
-0.7884729 -0.7579231
-0.8185847 -0.91740966
-0.237638 -0.3881035
-1.3712432 -1.351964
-0.45024133 -0.5470717
0.26717186 0.09152222
-0.26258183 -0.28619528
-0.48007202 -0.32098532
0.003938675 0.147573
0.15484905 0.12829876
-2.1427917 -2.0482702
-0.600512 -0.4088726
-0.6607809 -0.61931396
-0.55495095 -0.50529575
-1.9115963 -1.7056942
-0.47676563 -0.030774593
-0.7599981 -0.8649466
-0.5791862 -0.5872812
-1.052782 -1.0878224
-0.30454636 -0.17014551
-0.5116229 -0.5779784
-0.5331321 -0.46680045
-1.6954625 -1.6258171
-1.9096155 -1.7659001
-0.09036684 0.0007004738
-0.0886507 -0.2109356
-2.4455082 -2.3043163
-1.9591861 -1.7143171
-0.19823503 -0.16857624
-0.24359179 -0.3563118
-0.6500447 -0.4718516
-1.0093684 -1.1205189
-0.084466934 -0.033575058
0.43687916 0.002858162
-0.43509626 -0.5157728
-0.028707981 -0.32301044
-1.6663787 -1.4736912
-0.3177395 -0.3857422
-0.61852646 -0.34841776
-4.554435 -3.9681563
-0.5820644 -0.6020355
-0.9684417 -1.0602016
-0.67790484 -0.8325174
-0.44761848 0.75672245
-2.0202992 -1.9326727
-0.9816687 -0.9383135
-0.3791809 -0.15432882
-0.37650204 -0.4113264
-0.39214993 -0.5288627
-0.7051225 -0.72711396
-0.7437949 -0.72191143
-0.2468605 -0.31801796
-0.31286573 0.22033596
-1.7619584 -1.7368078
0.058419704 -0.076971054
-0.12365341 0.05089426
-0.40215397 -0.43820572
-0.4638803 -0.53679395
-0.64736986 -0.6410711
0.18841076 1.8695979
-1.0646205 -1.2389159
-0.6594975 -0.5612376
-2.1679094 -1.8630342
0.42062616 0.5281491
-0.5201304 4.098346
-0.16065264 -0.22415733
0.19586992 0.020109177
-0.4310708 0.5973983
-1.0878811 -1.1732783
-0.5407467 -0.51522493
-0.1129365 -0.010900974
-1.9291894 -1.7868199
-0.9325855 -0.9083934
-0.8306546 -0.7677121
-0.45357752 -0.4710555
-0.7749076 -0.56137896
-1.7508903 -1.6360464
-0.7803929 3.527619
-0.98825717 2.5788336
-2.1626444 -2.0677454
0.15055656 -0.09821987
-0.4555359 -0.4591608
-0.3573308 -0.4210906
-0.43804693 -0.49496055
-0.76419806 -0.8686123
-0.2697301 -0.102716446
-2.3941553 -2.3625295
-0.69138527 -0.6938174
0.32271338 1.9439726
-2.5911045 -2.395956
-0.35969877 -0.41237593
-0.4483173 -0.56869864
-1.1397402 -1.0986214
-0.8107617 -0.76226115
0.40372992 0.4162979
-0.15652418 -0.18133926
-0.82594705 -0.74735975
-0.8333771 3.850944
-0.06768942 -0.16878176
-2.655846 -2.5215094
-1.0630856 -1.0665689
-0.41160107 -0.4150629
-1.0527167 -1.0387135
-0.8138559 -0.7392819
-0.52379465 -0.5500777
-0.5293591 2.4555225
-0.759238 -0.7170074
-0.788455 -0.7671099
-0.40674448 -0.35110712
-0.30872965 -0.29595232
-1.0092957 -0.94789004
-0.8343537 -0.65369415
-0.38671303 2.9390488
-0.5811746 -0.38507462
-0.96277523 -0.9186375
-1.5113373 -1.22247
-2.3098905 -1.1035767
-0.4075961 2.3803935
0.073643684 -0.08028269
0.43283844 -0.1711173
-3.162722 -2.9950538
-1.0635767 -1.0327611
0.051119328 0.24131155
-0.95551634 -1.0409417
-0.3225155 1.7330565
-0.35866833 -0.31985378
0.17766476 -0.07719946
-0.40048742 -0.51361275
-1.9790416 -1.666549
-0.90810657 -0.9376719
-0.72444224 -0.67522526
-0.63939786 -0.4917767
-0.6380975 -0.7080722
-0.28504086 -0.24791813
-3.0472608 -2.4794662
-0.49383926 -0.5611634
-0.7001474 -0.27969933
0.2780919 0.08066845
-0.53808784 -0.52294564
-0.6130791 -0.6663132
-0.882066 -0.81257105
-0.24781942 -0.3450265
0.19451094 0.04502487
-0.40012646 -0.39114904
-0.0455575 -0.024743557
-1.1147261 -1.0979824
-0.039324284 0.053962708
-0.4939623 -0.73325753
-0.4464693 1.617281
-0.12088251 -0.18553495
-3.1185055 -2.818874
0.18603611 1.6874824
-1.6530061 -1.5911927
-0.18205214 -0.09405136
-0.2432313 -0.27720976
-0.7675111 -0.81301284
0.14678144 0.0016379356
-0.77048564 -0.67186594
-2.5903153 -2.30406
-1.3544791 -1.418962
-2.664104 -2.489869
-0.88414574 -0.95392704
-0.933264 -0.8072219
-2.3363132 -2.1231036
-1.0983479 -1.2842975
-0.5414405 -0.6575725
-0.23431253 -0.15415192
-0.38938475 -0.43141794
-0.41678238 -0.3815503
0.15752411 -0.46604133
-0.6114037 -0.45626426
-1.033081 -0.9700582
-0.8938494 -0.9155204
-1.1719108 -0.9776807
-0.3435502 -0.21462202
-0.110265255 -0.1221385
-0.2690506 -0.19973898
-1.2787602 -1.2585459
-2.1184685 -2.294999
-1.0018682 -0.9825847
-0.0002527237 2.9626555
-2.4371696 -2.2501204
0.15792322 2.200961
-0.4252081 -0.42519283
0.0004339218 -0.24580526
-0.3632617 -0.3995533
-2.7943816 -2.4195356
-0.73294187 -0.81022024
-1.3680801 -1.2836559
-0.5666661 -0.54349494
0.21778345 0.18416834
-0.49547172 -0.66631985
-0.738909 4.4584765
0.44847488 0.3218727
-0.19821358 -0.20741272
-0.73211193 -0.6528735
-0.3619876 -0.09197378
-0.41271162 -0.4452896
-0.7090676 -0.80477786
-0.4289899 -0.36766386
-0.8022835 -0.81625223
-0.122888565 -0.25726557
-0.6239295 2.2254682
0.3229823 0.18303776
-1.8619354 -1.8284407
-0.31098175 -0.25176144
-0.7282977 -0.6459727
-0.4932351 -0.4962201
-0.6396308 -0.4900465
-2.0028465 -1.7878182
-0.23704338 -0.33220768
-0.2933054 1.6424098
-0.6656444 -0.6841676
-0.1413641 -0.18397951
-0.4209981 -0.4694388
0.34346867 0.27072716
0.50007534 0.1901741
-0.56676984 -0.62366533
0.016541004 -0.005865574
-0.22637796 -0.26067495
0.033501625 0.015992641
-0.39070988 -0.52546597
-0.20038271 -0.22312355
-0.81915545 3.9898076
0.056563377 -0.047315598
0.24881649 0.060709
-0.883441 -0.94815683
-0.41841602 -0.4043293
-0.7450414 -0.9008529
-1.4613683 -1.2874722
-0.72853947 -0.6807828
-1.0986292 -0.91369486
-1.3137019 -1.2909489
-0.36122036 -0.51819086
-2.9023848 -2.622676
-0.4074769 -0.37298298
-0.847316 -0.707077
-0.5906067 -0.64184546
-0.18095255 -0.13493681
-0.408844 -0.51616406
-0.06126547 -0.23856926
-0.20185804 -0.16664696
0.03189516 -0.019884586
-0.7059059 -0.63215995
-3.077854 -2.7541852
-0.638221 -0.6499109
-0.87803364 -0.926533
-0.9584074 -0.8800459
-0.376153 -0.42219925
0.31146002 -0.048890114
-0.4164896 -0.4589734
-0.7217715 -0.6840677
-2.1599495 -1.9969602
-0.58740616 -0.17797232
0.2656212 0.12687635
0.3674035 0.33642244
-1.9645708 -1.8710921
-0.43563557 3.0699587
-0.5320084 -0.3944335
-0.6846411 -0.6276686
-0.3446803 -0.3522582
-1.7526805 -1.686275
-0.2924633 -0.50197077
-0.19763517 -0.1850686
-0.4644332 -0.47276878
-0.15667963 -0.13736534
0.32114744 0.20214748
-1.2894015 -1.230567
0.3717308 0.18519163
-0.41214943 -0.40995646
-1.7346013 -1.4847155
-2.977447 -2.765546
-0.5208795 -0.53038883
-2.2459433 -2.0613317
-0.24991179 -0.29935884
-0.51972604 -0.68118477
-1.5350258 -1.5759759
-2.1803875 -2.0512798
-1.0647142 -0.9638612
-0.21790695 -0.21166468
-3.5737062 -3.2052221
0.4592104 0.30076122
-2.3997355 -2.096
-0.8163595 -0.77956104
-0.032524586 1.1880426
-4.115099 -3.5975382
-1.8240001 -1.8378649
-0.43168592 -0.54811096
0.36398697 0.23944902
-0.23803473 -0.40345478
-0.23815489 0.07613182
0.21475887 1.0834084
-0.31463623 -0.160985
-0.9491396 -0.90455127
-0.5865071 -0.58027124
-0.11046362 -0.18799114
-0.3554082 -0.39054537
-0.580019 -0.50797534
0.27783203 0.13390255
0.102163315 0.19533253
-0.7614176 -0.81266975
-0.80309343 -0.7626543
-2.2812834 -2.0711515
-1.2445397 -1.3926718
-0.6100993 -0.8138814
-0.25534916 -0.23953629
-0.3989439 -0.43098593
-0.26632833 -0.3252244
-0.1882739 -0.18168211
-2.7845492 -2.5194108
-2.2843673 -2.049019
-1.1151557 -1.0306234
-0.07011032 -0.08186531
-1.5873091 -1.5854106
-0.5253663 -0.50297713
-0.32608128 -0.2990365
-0.21652699 -0.096683025
-0.79164696 -0.89038134
-0.78059006 -0.80392313
-1.4573407 -1.5674827
-4.0058947 -3.4766436
0.30558586 0.6328068
-1.1174166 -1.1079638
-3.5019977 -3.0193791
-0.75698113 -0.7501633
-0.20495415 -0.1944027
-1.0921772 -0.9067869
-0.5368471 -0.5030079
-2.7286878 -2.4630907
0.19807339 0.099167824
-1.14164 -1.15502
-3.050106 -2.7446656
-3.2234733 -3.1935153
-1.8607545 -1.0537217
-0.5300963 3.3018813
-2.602904 -2.4691782
-0.9010792 -0.7484715
-1.3454034 -1.3682957
-0.2891965 -0.2972517
-0.6208265 -0.5812888
-1.1269825 -1.120887
-0.3595562 -0.4320364
-0.31066322 -0.2839508
-1.1547837 -1.0767038
-0.7122977 -0.79412293
0.30830717 0.16099215
-0.7413163 -0.7919774
-0.1815834 -0.1468935
-2.0893486 -1.9685512
-1.767669 -1.6632283
-0.87708783 -0.9909477
-3.2284226 -3.0575185
-0.6370797 -0.62374854
-0.05286026 -0.20218039
-0.1170373 -0.18807554
-2.9836555 -2.7281928
-0.42485476 1.0495286
-0.4754002 -0.48067355
-0.26902246 -0.33008862
0.13814783 2.2121143
-0.04699278 -0.34998417
-0.06298876 -0.13486338
0.3292384 0.2410264
-0.18908834 -0.3127179
-0.5828953 -0.70207405
-0.14950323 0.054956913
-0.7946372 -0.6911855
-0.29176998 -0.40583944
-0.9486797 -0.69992065
-3.302234 -2.9083524
-4.568019 -4.217064
0.1760416 -0.123389244
-1.4026821 -1.3055358
-0.09110165 0.6291599
-0.5126302 -0.67780685
-0.60582376 -0.7264302
-0.8027618 -0.85101724
-0.0910368 -0.19412184
-0.171525 -0.1143713
0.26851797 0.110892296
0.4258833 0.40241957
-0.57719326 -0.6001313
0.15517664 1.346735
-0.06902695 -0.20995712
0.3853712 0.2077775
0.1784091 1.0287013
-0.5606365 -0.37878466
-0.5532696 -0.5820656
-0.48014975 -0.471308
-0.06544542 2.315783
-3.4950607 -3.173883
-2.9984736 -2.7465665
-2.2190187 -2.3663938
-0.31272793 -0.3534627
-0.64382625 -0.59754467
-0.23557806 -0.20350695
-2.1690404 -2.1318617
-0.31830168 -0.34729433
-0.67623043 -0.6203017
-1.055063 -0.8574586
-1.216847 -1.192461
-0.52541924 1.6241221
-0.116233826 -0.09667301
-0.3929658 -0.7294109
-0.45917153 -0.486017
-2.2048986 -2.0451045
-1.0373838 -1.0857034
-0.38230038 -0.41626072
-0.6209924 2.0354295
-0.943836 -0.837095
-0.46668077 -0.48706508
-0.41507387 1.8392067
-1.9210279 -1.6824701
-0.9519808 -0.9619999
-0.27128172 -0.18242025
-0.014389515 0.10703087
-1.1407294 -1.0942473
0.25380278 0.074989796
-2.0818496 -2.027328
-2.7725036 -2.5359783
-0.4873407 -0.77776456
-1.0988762 -1.1994963
-0.16091776 -0.1410389
-0.4241624 -0.50981164
-1.3963392 -1.3866584
-0.99845576 -0.7888701
-1.005903 -1.0097022
0.02784729 -0.26866102
0.12882948 0.0032429695
-1.8726425 -1.8531408
-1.1327989 -1.1891878
-0.42521667 -0.40478468
-0.46194816 -0.46942735
-0.23495674 -0.18159151
-0.36742067 -0.45914888
-0.48645473 -0.51712155
0.21562147 0.04324293
-4.7125444 -3.8076015
-1.9291916 -1.776206
-0.4570763 -0.4849136
-0.55013824 -0.67089605
-1.82529 -1.6896725
-2.2635424 -2.252944
-0.52515984 -0.5929289
-0.35089827 -0.38392782
-1.6481647 -1.6265202
-1.5015924 -1.452662
-2.282386 -2.061039
-0.43143606 -0.5303395
0.097365856 -0.07533264
-0.3771534 -0.48021007
-0.81763697 -0.78222084
-4.6277246 -3.7902396
-0.6373482 -0.5743308
-1.0967455 -1.0691655
-0.5402274 -0.5778854
-2.2072515 -1.8807008
-0.61488724 -0.5953543
-1.0172374 -1.0615737
-0.16261387 -0.18515635
-0.45176315 -0.48613024
-0.006444454 -0.10759926
-0.3356676 -0.6587188
-0.16246557 1.7378802
-0.2520442 -0.25202608
-0.20966053 -0.15915442
-0.7827647 0.03041172
-2.0765288 -1.8689158
-1.6000211 -1.4626005
0.22538996 0.028671265
-2.0994532 -1.8603773
-0.15407753 -0.2337451
-2.3662286 -2.2434533
-0.7669227 -0.694859
-0.53131866 -0.50303364
-0.7382035 -0.78109527
-0.36606646 -0.44209862
-0.46954036 -0.49307823
-0.20256662 -0.42681742
-3.9994318 -3.5376472
-0.0296278 0.04231882
-0.6411457 -0.6252575
-1.4480205 -1.2821989
-1.1722157 -0.9990628
-2.8477316 -2.4269123
-2.238702 -1.0853276
-0.7089691 -0.6371503
-0.093177795 -0.23897457
-0.83425045 -0.8508644
-0.2473383 -0.290596
-0.28285217 -0.040795326
0.17806959 -0.020174503
-3.6649528 -2.642284
-4.2977185 -3.8965333
0.39835405 0.38014746
-2.671041 -2.350403
-0.536082 -0.45759082
-0.62146616 -0.6048486
-0.36306572 -0.32362986
-3.8033123 -3.4341154
-0.7757988 -0.7639737
-0.074816704 -0.009581089
0.06380224 1.77246
-3.105659 -2.7763875
-1.2785113 -1.3062353
-0.23701239 -0.21394444
-0.33138847 -0.3121543
0.29238844 0.11513853
-0.77017665 -0.65262985
0.095993996 2.4036555
-0.98485065 -0.7888396
-0.7632172 -0.78701043
-0.084702015 0.40069056
-2.1829138 -2.1664772
-1.1782904 -1.312665
-3.123321 -2.5052776
-3.0991716 -2.899938
-3.0242877 -2.7801476
-4.3294296 -3.9696784
-0.16297865 -0.24414682
-0.62387705 -0.36101484
0.26772642 0.08319378
-0.17027569 -0.17899084
0.039340973 -0.08165121
-0.31477547 0.03999853
-0.20045471 0.11726761
-0.7508638 -0.7280178
-2.369805 -1.9954767
-0.14709091 -0.12569427
-1.3258624 -1.2878759
-0.53337264 -0.5742409
-0.40170622 -0.34692574
-0.626246 -0.73953915
-0.5893519 0.14459038
-0.463022 -0.4308939
-0.8120539 -0.8113761
-0.66632295 -0.694412
-0.46034122 -0.51985765
-0.93648005 -0.8985851
-3.4326034 -3.1817532
-1.0694616 -0.6644349
-0.9372535 -0.99525404
-0.17491579 -0.34969568
-0.24579144 -0.23415041
0.0598917 1.0193701
-0.59511065 -0.2416768
-0.66040516 -0.700094
-0.15867901 -0.25564384
-0.4272933 0.16849709
-0.6902895 -0.66266894
-1.5419424 -1.6305704
0.10318899 1.7140331
-0.30728054 -0.4818833
-3.1427944 -2.709543
-2.5411396 -2.3963518
-0.061701298 -0.032227993
-0.78601956 -0.44061995
0.13509893 2.2018223
-0.6529474 -0.5978894
-0.512177 -0.53510714
-0.16639853 0.3784666
-2.4470403 -2.1511998
-1.3235061 -1.370574
-2.7135887 -1.8104885
-0.37095022 -0.37238646
0.026282787 0.49864388
0.24060822 0.58779716
-0.29321146 3.8075328
-0.565681 -0.6883323
-0.2875495 -0.23521662
-0.24625874 -0.32514906
-0.65032434 -0.60957646
-0.8631573 -1.015511
0.21669006 0.010656357
-0.6006875 -0.47468328
-0.6891453 -0.77320147
-0.3645048 -0.25994825
-4.179457 -3.6958687
-0.48467875 0.11122322
-1.0907171 -1.0836301
-0.89382434 -0.9186733
0.23024273 0.05241871
-0.7118528 -0.7462201
-2.7268126 -2.2722907
0.02749443 0.0022644997
-0.5040436 -0.4914813
-0.88427544 -0.80338836
-0.33125973 -0.31290483
-0.6695342 -0.72936296
-2.1594572 -1.6821547
-0.3350172 -0.39871073
-2.0551789 -1.8387866
-2.0167985 -1.7984905
0.052983284 -0.019231796
-3.0728207 -2.733903
-0.53659844 -0.6316943
-0.21196604 -0.14752197
-0.4783399 -0.45923376
-0.60356283 -0.5458982
-1.9213538 -1.7057214
-0.61443377 -0.6174674
0.072981834 -0.0033445358
-0.41811323 -0.5692425
-0.756212 -0.7897315
-0.38941956 -0.3584404
0.1002202 -0.018105507
-0.6535163 -0.6500759
-2.9518723 -2.656882
-0.7904844 -0.8873849
-6.914139e-05 0.2571683
-2.0406833 -1.9520829
-0.8673277 -0.7545402
-4.3877654 -3.969035
-0.46103573 -0.45695543
-0.4764719 2.8306437
-1.1225786 -1.1185255
-1.2867873 -1.240107
-0.31282234 -0.3025241
-0.29119062 -0.3580041
-0.25164652 -0.2501254
-0.32815742 -0.4560027
-4.2850966 -3.617799
-1.4829438 -1.4470215
-1.0437069 -1.0014124
-1.0185702 -0.9654107
-0.4749601 -0.4737811
-0.41309786 -0.47950864
-0.73750806 -0.7473109
-2.7149463 -2.4836314
-0.17016745 -0.14907122
-0.57122946 -0.59140253
-0.48432374 -0.4236784
-0.089835644 -0.101214886
-0.26616 -0.34320927
-0.0026097298 0.06294298
-0.38241434 -0.5843699
-0.33939552 -0.50123215
-0.73673296 -0.77299523
-4.1509876 -3.9144237
-1.3898451 -1.6005056
-0.17629719 -0.24882269
-0.6259434 -0.66343594
-0.35520792 -0.35398293
-0.21924114 -0.2895441
-2.131475 -2.1167274
-0.6497171 -0.6463387
-0.64259195 -0.6266544
-0.9730096 -0.9835906
-0.67343307 -0.5665362
-0.91777587 -0.8567867
-0.5806699 -0.4954903
-1.0197985 -1.1135275
-0.8035476 -0.7941265
-0.23185253 -0.44027805
-0.6740453 -0.59405184
-0.8184619 -0.72836137
-0.73051333 -0.7366979
-0.6833949 -0.5846257
-0.9357345 -0.93918777
-0.7102196 -0.68024063
-0.60936594 -0.55526423
-1.0053513 -0.96708393
-1.1065271 -1.0515902
-1.0275657 -0.9407258
0.22674799 0.028757572
-2.1239095 -1.5568204
-3.0466967 -2.932793
-0.85196304 -0.82655907
-1.8935726 -1.9179931
-1.2527559 -1.2875583
-0.44496584 -0.41283607
-2.2838879 -1.9370601
-2.999121 -2.7345426
-2.190279 -2.1240726
0.32236958 0.15820217
-0.2659402 -0.27905798
-0.65754104 -0.67658424
-0.54657054 -0.55258226
-2.4841871 -2.1406627
-0.45892215 -0.47676945
-0.6779547 -0.6439357
-0.41910076 -0.4616356
0.054873466 -0.004940033
-0.4896319 -0.44017553
-0.61801815 -0.6983609
-1.4681699 -1.4964609
-0.32479382 -0.24571991
-0.9224727 -0.8423302
-0.19035149 2.5085983
-3.129187 -2.9178443
-2.6925697 -2.240555
-0.46354342 -0.19351292
-0.23012352 -0.26011753
-0.52460814 -0.56552887
-0.8364818 -0.9613371
-1.5417049 -1.4408832
0.41596317 0.32135248
-0.30485582 -0.26948977
-0.30909634 -0.17678213
-0.64556146 -0.3010459
-0.4961822 -0.52910376
-0.5257046 -0.5285959
-0.9365213 -0.9699576
-2.2007592 -1.7893331
-0.9023638 -0.6930196
-4.2617826 -3.7588344
-0.74496555 -0.91219616
-2.4425392 -2.107774
-0.707551 -0.48952365
-0.49757743 -0.56116295
-0.23017645 -0.28371525
-1.9372547 -1.8388574
-0.73962545 -0.48719907
-0.5557556 -0.6508846
-0.65518546 -0.68070173
0.32669497 0.14302015
-0.3727765 -0.40260363
0.02256298 0.14695024
-0.5690243 -0.62713146
-0.7251544 -0.7192836
-0.72428465 -0.64739704
-0.9582877 -1.0537596
-0.39417696 -0.32957792
-1.2478876 -0.9118016
-1.3425882 -1.1435525
-0.41733027 -0.4640491
-0.59392715 -0.16479683
-0.60496783 -0.55189943
-0.4075737 -0.35359478
-0.9023397 1.9179378
-0.5266459 -0.7101977
-0.73091865 -0.7546878
0.26844168 0.2332716
-1.743329 -1.6547503
-0.46452475 0.6410775
-0.82802296 -0.78733754
-3.2155323 -2.9805613
-0.71709776 -0.83860207
0.053088665 -0.08408785
0.058043957 -0.16192532
-0.5094187 -0.40427017
0.2387166 0.12796354
-2.1003594 -2.2186542
-0.7674787 -0.764868
-0.60295033 -0.56351614
0.3230338 0.111670494
-0.70646524 -0.7465787
0.36383295 0.51325464
-0.40621233 0.6237397
-0.46639204 -0.4796238
-0.41202545 -0.5230665
-0.6458657 -0.76867867
-0.3467331 -0.40532255
0.2384963 0.09159899
0.14533567 1.4448657
-0.21371222 -0.63436365
-1.87728 -1.7374775
-0.47542095 -0.55703783
-0.354661 -0.29306078
0.15362167 0.25464678
-0.4940679 -0.51111364
-3.7236173 -3.5617054
0.05586338 0.9304881
0.27904987 0.69409513
-2.1568336 -2.1299849
-0.7050698 -0.6349678
-0.69987464 -0.2920847
-0.90467286 -0.94781756
-0.3504815 1.164516
-0.28814125 -0.4895513
-0.0717721 -0.004889965
-0.31492805 -0.2749982
-0.6733446 4.5440917
0.40690613 0.26798868
-0.15327168 -0.06721878
-0.48976326 -0.5306549
-0.6811838 -0.6263561
-0.08811855 -0.160213
-0.598665 -0.5291817
-0.9082835 -0.90472674
-0.047389507 0.6783128
-4.6352887 -4.231432
-0.73815656 -0.7100003
0.2395091 0.052068233
-0.7918365 2.5511875
-0.42761135 -0.4756236
-0.66964674 -0.63578796
-0.580956 -0.58509684
0.27294683 0.06707764
0.24296999 0.08025026
-2.5827725 -2.27662
-2.2230875 -1.7955136
-0.56202173 -0.6548934
-0.44720268 -0.8425162
-0.1947627 -0.1594615
-4.2128744 -3.7541695
-1.1289952 -0.3847742
-0.7604821 -0.69968843
-0.1937499 -0.050970554
-0.6094682 -0.6782799
-0.36863613 -0.40425396
-2.4091063 -2.270236
0.3155141 0.111721516
-1.9019217 -1.8233998
-2.162392 -1.7062683
-0.5287938 -0.641412
-0.19837475 -0.21032858
-0.8305886 -0.46852922
-2.6364012 -2.433214
0.74722815 0.7905383
-0.17280293 -0.22220612
-0.7069211 -0.5753708
-0.5311854 -0.44693184
-0.699471 -0.704185
-0.78489494 -0.66955376
0.07149792 1.8137331
-0.21826315 -0.4783144
-2.913638 -2.6846757
-2.1333566 -2.0060196
-0.8739152 -0.8448818
-0.34502268 -0.4125533
-0.8661649 -0.9172716
-1.2324419 -1.1507463
0.21269989 0.059892654
-2.0588813 -1.9438038
-0.23486948 -0.4878788
-0.6592529 -0.71800184
-0.03017044 -0.057729244
-0.547385 -0.25299644
-0.7145202 -0.73892975
0.051532745 0.2089715
-0.6845684 -0.5631311
-0.42915964 -0.32197142
-0.29492903 -0.37077904
-0.2809143 -0.31498718
-3.2305892 -3.0053663
-1.5559471 -1.4328079
-0.5984404 -0.3888383
-0.9829273 -0.9682243
-0.8242152 2.8149571
-0.9802611 -0.9098153
0.35265112 0.20068026
-0.436965 -0.4693911
-2.821538 -2.5446367
-1.1246879 -1.2312393
0.1940403 1.0489488
-0.032285213 -0.72844434
-0.026951313 -0.101165295
-0.4688251 -0.5652368
-0.65855527 -0.71683884
-0.11313009 -0.34521198
-0.72872734 -0.50938654
-0.3506012 -0.31712103
-2.756092 -2.6264944
-0.5709493 -0.72472596
-0.66130114 -0.6303148
-0.53821874 -0.58368516
-0.94155 -1.0076647
-0.13658857 0.39422417
-0.11053896 -0.15217924
-1.4756362 -1.384161
-2.554582 -2.401104
-3.0837755 -2.7065363
-1.5718241 -1.4946184
-0.4829507 -0.56472635
-0.49277973 -0.2200265
-0.29039907 -0.2695012
-2.6201272 -2.4028234
-0.385715 -0.37796736
-0.75182986 -0.95841455
-0.041220665 -0.012448311
0.35933828 0.7234788
-0.33787584 -0.2114973
-0.52863955 -0.6156359
-2.1083748 -1.7332325
-0.40289545 -0.47853065
0.24816322 0.04280567
-0.32639027 -0.1768117
-0.18122435 -0.25757265
-0.973546 2.2135892
0.063681126 -0.0059576035
-0.16885948 0.09777212
-0.2443676 -0.30614328
-0.8311937 -0.26452732
-0.8118069 -0.85839057
-0.57490253 -0.5127306
-0.6824887 -0.6588874
-1.1263218 -1.1331239
-0.4113617 -0.4819324
-1.5087767 -1.5186739
-0.50747156 -0.66317654
-0.32082558 -0.35377502
-0.6626363 -0.5997658
-0.7769706 -0.8556266
-0.26659727 -0.09465885
-1.4401813 -1.6085305
-0.8460679 -0.8888855
-0.762553 -0.7658224
-2.8539946 -2.4992003
0.29083443 0.13697577
0.34018087 0.32257605
-0.8249774 -0.82590675
-2.6510587 -2.4060419
-0.57816553 -0.6064358
-0.74012256 -0.8781848
-1.2591355 -1.1853261
-0.006020069 -0.11558294
-0.74316764 -0.76443934
-0.5468924 0.29916
-1.0489161 -1.0042977
0.33944988 1.2401347
-2.222392 -2.4259622
-2.619736 -2.909258
0.28565502 0.15901709
-0.9601295 -0.91720176
-0.48331976 -0.5101471
-4.50844 -3.9507694
-3.1113403 -3.0574105
0.19301605 0.2717638
-0.8194866 -0.90668917
-0.35382175 -0.23631859
0.17611694 -0.026473522
-0.51783466 -0.5060823
-0.6121521 -0.55297947
-0.9364557 -0.8058269
-0.20749521 -0.27116776
-1.9460981 -1.3345823
0.23152876 0.024314404
0.41989803 0.17313766
-0.966553 -1.0011568
-0.45971298 -0.54485846
-0.57165504 -0.6134839
-0.998271 -0.9993551
-0.23547697 -0.37689734
-3.426719 -2.9739425
-0.9321544 -1.0419662
-3.1706648 -2.9413352
-0.73209023 -0.72605324
-0.7152207 -0.42482185
-0.19399309 1.6124668
-3.104785 -2.8962047
-2.2343082 -2.0688014
-2.6031053 -2.329178
-0.42781258 -0.36763048
-2.5952442 -2.4640615
-0.106086254 -0.1877203
-0.5380709 -0.5954652
-0.76961064 -0.8800466
-0.38642502 -0.42572403
-2.7305973 -2.4611878
-0.53330255 -0.4758227
0.060505867 -0.052797794
-1.2204609 -1.2272921
-0.30712318 -0.3404336
0.14575052 1.1024961
-0.6981118 -0.3412547
-0.11041546 -0.21347713
-0.44395256 -0.3354597
-0.4113803 -0.41670275
-0.34907436 -0.28271675
-0.23846245 0.63464737
0.113143444 -0.037591934
-0.65450096 -0.561064
-4.036823 -3.6388383
-2.3322024 -1.774971
-0.39896154 -0.47799325
-0.452574 -0.51186323
-0.14593792 -0.10491085
-2.140417 -1.9289689
0.21360159 0.04149866
-0.66016555 -0.6165261
-0.7994189 -0.80295134
-0.64233375 -0.5893774
0.29518652 0.23565245
-0.9244976 -0.7106676
0.7782278 1.4597726
-0.25469398 -0.43898535
-0.43715477 -0.38735485
-2.6022096 -2.4812155
-0.22003317 -0.4422803
-0.6279497 -0.67461157
-0.94224834 -0.73252916
-0.9616742 -0.96004057
-3.236579 -2.8532195
-0.3391261 -0.38376808
-0.4737246 -0.49528408
-0.9302342 -0.8761368
-0.34810352 -0.42598486
-0.4329219 0.12540483
-1.0300732 -0.86819243
-2.418637 -2.225433
-1.3241358 -1.2940538
-0.8704026 -0.8619213
-2.9288828 -2.6639948
-0.26454163 -0.27746487
-0.6239586 -0.49671245
-1.1257882 -1.0863743
-0.11579466 -0.12784767
-0.9762728 -0.98695874
-0.10346556 -0.2186799
0.33251524 0.16399908
-0.76342297 -0.8729694
0.2521205 0.09810066
-4.5647855 -4.185267
-0.739017 -0.8384564
-0.6530702 -0.629385
-1.9915769 -1.7320285
0.52412796 0.5346799
0.026237011 -0.007689953
-0.38560963 -0.31696844
0.0646863 -0.023918152
-1.5513957 -1.5099595
-3.2383249 -3.1149924
-1.000232 -0.9918244
0.50747633 0.3649063
-0.36611795 -0.5611348
-1.4656844 -1.4813063
0.38060188 0.23488855
-0.53127384 -0.28115368
-2.36089 -2.1462858
-2.2850263 -2.1619313
-0.89516544 -0.960227
-2.1720016 -1.8663957
-1.055181 -1.1466146
-0.2471366 -0.22495985
-0.5967779 -0.86243916
-1.2004459 -1.203126
0.15747881 0.010614395
-0.9842031 -0.96239924
-0.3944764 -0.47575784
0.034296513 -0.07749367
-0.47251868 -0.4482143
-1.049427 3.0264664
-0.5140965 -0.421803
0.057715893 -0.0019426346
-0.9820566 -0.984951
-0.49374175 -0.49222898
-0.4824927 -0.18639278
-0.15474367 -0.18269968
0.33650875 0.1743455
-0.0063199997 0.03646946
-0.1572833 -0.17985582
-2.2842395 -2.0519414
-1.255691 -1.2105243
-0.8164716 -0.8558254
-1.9500835 -1.9175162
-0.43189764 -0.34960794
-0.5287614 -0.57337165
0.028860569 0.64671373
-1.4766865 -1.5117881
-2.4217615 -2.2351582
-0.040637493 1.2428923
-0.49694467 -0.50348854
-1.9399142 -1.834477
-3.3688977 -3.1466985
-0.5481663 -0.59848857
-4.2294097 -3.661202
-0.73589635 -1.0636315
-0.65477324 -0.6681528
-0.5574782 -0.7073343
0.07871151 -0.08572531
-2.579341 -2.3213115
-0.8218403 -0.9828901
-0.742681 -0.2982278
-0.35929728 -0.3144436
-0.87587 -0.6527176
-0.27638102 -0.2804613
0.24321699 1.8703384
-0.590523 -0.693836
-0.6325033 -0.6171241
-0.43898535 -0.44602537
-0.92432284 -0.92727613
-1.0486989 -1.1148105
-0.86258984 -0.88714504
-0.27320147 -0.30828476
-0.19178295 -0.26495504
-3.9325898 -3.5508647
-0.78205204 -0.7918539
-0.4662373 -0.4262085
-0.9490874 -0.89080834
-0.72889256 4.6201587
-0.3833804 -0.55469584
-0.2601838 -0.39250422
-0.2279892 -0.27800608
0.42665195 0.22238731
-2.7169335 -2.5058846
0.22598886 0.036322117
-1.4392161 -1.3560481
-0.5589175 -0.6798487
-0.87199736 -0.9050269
-0.5515034 -0.5652399
-1.0611398 -0.8414755
-0.72742176 -0.7123699
-1.4189386 -1.3028843
-0.9193561 -0.88489914
-0.94406056 -0.9847586
-0.48272777 -0.12940598
-0.6272013 -0.46834612
-1.0883272 -1.0494499
-0.6769452 -0.61415434
-1.0129223 -0.97255063
-0.44142818 4.585939
-2.2281818 -2.0167475
-0.11144686 -0.032316208
-3.0550137 -2.7142887
-0.97806 -0.9054184
-1.4351792 -1.4249566
-0.5148709 -0.49253678
0.47198296 0.44031382
-0.9577632 -0.90495586
-0.35422325 -0.26602316
0.32978106 0.120821
-0.9790487 -0.9581003
-1.9580615 -1.9698186
-0.3708911 -0.33799887
-0.04389143 -0.08656025
0.028502464 0.8617077
-3.9799826 -3.6425226
-0.9699819 -0.07339907
-0.7410345 -0.7710414
-0.695441 -0.617311
-0.34091663 -0.35628557
-0.1605277 -0.17979717
-0.49236608 -0.46293783
-1.6350696 -1.6748841
-0.49928308 -0.45728254
-0.96726584 -0.8321202
-0.60623693 -0.5634072
-0.67833686 -0.6549609
-0.80787086 -0.85497594
0.3681674 0.2555108
-1.8321531 -1.6816406
0.16055584 -0.050665855
-2.83989 -2.6983335
-0.81823254 -0.761178
-0.24654675 -0.3001232
-0.8172436 -0.831038
-0.22044659 -0.2837124
-1.2624288 -1.1573515
-0.96837425 -0.8977208
0.08586788 -0.050480366
-0.36342144 0.34526348
0.28323984 0.1565957
-2.4208803 -2.3166027
-0.7550566 -0.7804456
-1.1194153 -1.0572953
0.29264593 0.13757896
-0.45975494 -0.56120014
-0.6579151 -0.7466142
-0.32086515 -0.32856464
