-0.73550034 -1.74351
-0.6395652 0.67986584
-0.7967353 -0.6468797
-1.0558534 -1.5812557
-0.8590076 2.7495723
-0.48045373 -0.1376481
-0.5739472 2.234047
-0.85462976 -0.7822306
-0.53784275 2.855435
-0.9616835 -2.7927067
-0.96365476 -1.5805852
-0.28894973 0.0697248
-0.7782593 1.4313631
-0.7018926 4.15995
-0.3098278 -0.055583715
-0.6709969 -0.14053702
-1.063534 -0.28851104
-0.55408764 -0.6807959
-0.9644654 -0.88126445
-0.9124429 -0.44477177
-0.5170424 -0.5257573
-0.25934505 -0.7518716
-0.4081955 -0.5917702
-0.84319806 -0.12228894
-0.95786667 -0.23601031
-0.85902476 -1.7203411
-0.78586507 -1.3313279
-0.7048435 -1.0697699
-0.8595631 -3.1466985
-0.38555813 -0.5410528
-0.30644608 -0.057254314
-0.48216033 1.0287013
-0.60002494 -0.73091054
-0.37434673 -0.5172696
-1.0716555 -0.5393927
-0.8365145 -0.74354696
-0.64590454 -0.73990583
-0.3999009 -0.178298
-0.64709735 2.46484
-1.0562971 -0.48855639
-0.6376679 -0.44622827
-0.73346686 1.7628021
-1.0530269 -1.9251299
-0.74086404 -0.26353502
-0.3966577 -0.62278986
-0.3193314 -0.46812916
-0.5580194 -0.196177
-0.66404986 0.3351791
-0.88888097 -1.124002
-1.0303714 -0.85682607
-0.3144629 -0.45695543
-1.0095563 -0.17280841
-0.39781713 -0.35402107
-0.29147696 -0.5540993
-0.5146024 -0.6703849
-0.5475662 -0.6651375
-0.630594 -0.27307725
-0.95655704 -1.3866858
-0.39642406 2.9463549
-0.9716122 -0.39839172
-0.8571224 -0.71879244
-0.52142596 -0.9370203
-0.53562975 -0.86392117
-0.5788996 -0.10812354
-0.3925724 0.6208339
-1.1059554 -0.22056746
-0.25801063 2.3049135
-0.505244 -0.7931769
-0.48301554 -0.16459489
-0.41956782 -0.3565719
-0.72314 -0.7563343
-0.8035865 -0.16421604
-0.5070026 -0.23660803
-0.5927675 -1.137824
-0.82529616 -3.1890223
-0.69027615 -0.40554285
-0.29822254 -0.43926144
-0.5119376 -0.5790794
-0.8270869 -0.22062922
-0.40835834 0.11492348
-0.5490267 -0.36880612
-0.8427212 -0.41596746
-0.40253472 -0.6843183
-0.7607994 -0.9072566
-0.8219645 1.7376981
-0.44262958 -0.343781
-0.37659073 -0.52377415
-0.9851539 -0.96520805
-0.40229917 3.707584
-0.9546752 -0.96265197
-0.9565749 -0.45394826
-0.3886237 -0.26169586
-0.83262014 -0.35629606
-0.48201776 -0.63012385
-0.68442965 -0.11418748
-0.39866352 -1.118876
-0.6073072 3.544127
-0.31790328 -0.43819237
-0.7666395 -0.8418801
-0.29471755 -0.39753747
