-0.4624064 -1.137824
-0.50040674 4.15995
-0.3759059 -0.3565719
-0.32082912 -0.68431824
-0.43192345 -0.14053708
-0.92838746 -0.39839175
-0.43804753 -0.7309106
-0.43480164 -0.68079597
-0.9903722 -0.4885565
-0.3366738 2.3049133
-0.5010504 0.67986566
-0.4802345 -0.7399057
-0.9286214 -0.17280844
-0.34556824 -0.5410529
-0.41487166 -0.4569555
-0.43828648 2.855435
-0.51581025 -1.74351
-0.44581664 -0.40554288
-0.52909636 -3.1466985
-0.3061134 -0.62278974
-0.51882535 -0.22062926
-0.23826537 -0.43819246
-0.57259727 1.7376982
-0.38876334 -0.34378096
-0.53533006 -0.3688061
-0.53261626 -0.66513747
-0.8475645 -0.23601042
-0.9708009 -0.9652082
-0.39170638 -0.5540994
-0.4398197 -0.84188
-0.48042837 -0.108123526
-0.67416054 -1.1240019
-0.41143322 -0.7563342
-0.8317855 -1.5805852
-1.009908 -0.2885111
-0.36174205 -0.3540212
-0.5209386 -3.1890223
-0.4269051 -0.52377415
-0.41229874 0.33517906
-0.44729266 -0.23660803
-0.4348894 -0.1961771
-0.49741194 1.7628022
-0.3048899 2.946355
-0.45764452 -0.7931769
-0.89806044 -0.45394823
-0.5198084 -0.35629597
-0.52866566 -1.7203411
-0.30789515 -0.17829792
-0.43726462 -0.5257574
-0.47754875 -0.5790794
-0.44585192 1.0287013
-0.4072159 -0.4392615
-0.36192697 -0.5917701
-0.46088877 -0.13764821
-0.42836097 2.46484
-0.3021589 -1.118876
-0.53223324 -0.4462282
-1.0083611 -1.9251299
-0.43753308 -0.2635349
-0.9815934 -0.22056745
-0.5032746 -0.16421594
-0.429129 -1.0697697
-0.40063745 -0.39753747
-0.3728829 -0.05725436
-0.47725788 -0.16459492
-0.499008 -0.7435469
-0.49086413 1.4313631
-0.7310939 -0.44477183
-0.47770077 2.2340472
-0.836558 -0.88126445
-1.0078386 -0.53939277
-0.52517945 -1.3313278
-0.8935633 -0.8568261
-0.51849806 -0.122288965
-0.4804694 -0.6703849
-0.46653235 -0.90725666
-0.43763188 -0.5172697
-0.4616121 -0.1141875
-0.30724323 0.620834
-0.36939207 -0.055583686
-0.32158116 -0.2616959
-0.51873744 -0.41596746
-0.52535284 2.7495723
-0.36862922 0.11492336
-0.89680827 -1.386686
-0.43631572 3.544127
-0.4728615 -0.9370203
-0.9982652 -1.5812557
-0.32120854 3.707584
-0.41214812 -0.4681291
-0.5218812 -0.7187925
-0.43259722 -0.2730772
-0.46903038 -0.6468797
-0.81550515 -2.7927067
-0.39216006 0.069724776
-0.43556198 -0.86392105
-0.44564247 -0.6301238
-0.19292186 -0.75187165
-0.876751 -0.9626519
-0.51727533 -0.7822306
