-2.0991752 -2.5294528
-1.343637 -1.2705991
-1.5325236 -1.3083386
-0.80984235 -0.2589426
-0.45649052 -0.4944787
-1.3735747 -1.391581
-1.2258437 -1.1829054
-1.4953885 -1.474011
-1.3192158 -1.2986455
-0.8505895 -1.0316286
-1.4583263 -1.465543
-1.390419 -1.3541243
-1.5707538 -1.2397883
-0.56150365 -0.6342852
2.2434416 0.17650986
-1.5031826 -1.6182411
-1.4191496 -1.4147446
0.2829733 -0.03542471
-0.20262718 -0.27616358
-1.6365602 -1.6011314
-0.64500904 -0.8246944
-1.2869062 -1.24123
-0.3127389 0.40548944
-1.376565 -1.2294145
-1.5428143 -1.4651031
-1.7506859 -1.685077
-0.9996171 -0.99392104
-1.4771812 -1.3557107
-1.320193 -1.5802205
-1.7983451 -1.9625301
-1.2744551 -1.221236
-0.76061606 -0.78474617
-1.5460742 -1.4383516
-1.4931295 -1.5665677
-0.2549863 -0.2718191
-0.967118 -1.0138886
-1.4894207 -2.3123095
-2.0021923 -3.0941572
-1.2145705 -1.0021672
-1.7283912 -1.7964315
-1.8235755 -1.7345617
-1.5232596 -1.497186
2.273294 2.325327
-1.3380873 -1.3363183
-0.7609482 -0.7035773
-1.2385848 -1.3075421
-1.6235678 -1.7640512
2.1427884 2.0727081
-1.46647 -1.4719968
-0.74605703 -0.7254102
-1.5589991 -1.6485825
-1.9290235 -1.705513
-0.7426388 -0.5232041
-2.145418 -0.4513607
-1.4197071 -1.4693942
-1.522058 -1.5595102
-1.4372582 -1.2523038
-1.484484 -3.497426
-1.5493038 -1.2952697
-0.10660219 0.102395535
-1.5831382 -1.5610666
-1.6141539 -1.6204479
1.48178 1.4066935
-1.389003 -1.4156089
-1.3662908 -1.2156963
-1.0601306 -0.970469
-0.70275974 -1.064852
-1.6939399 -2.2229373
-1.6792932 -1.7503932
1.7460127 2.3029199
-1.2773497 -1.1937592
-1.4449878 -1.1779902
-1.636085 -1.5077682
-1.1608682 -0.97453284
-0.8066926 -1.1694183
-1.3221762 -1.7062755
-1.5451066 -1.6383159
-0.19989872 -0.7343805
-1.1364343 -1.134803
0.5950031 -0.069087505
0.6557865 -0.96568656
-0.40950298 -0.9462538
-1.8083458 -1.7757237
-1.6146944 -1.4733839
-0.45434523 -0.49261284
-0.3344965 -0.9420221
-1.6490133 -1.6403401
-1.5251985 -3.4586477
-0.8333757 -1.0333507
-1.3521328 -1.5526464
-1.4254508 -1.3397381
-1.8175931 -1.787257
4.922154 4.4113708
2.273594 2.1195335
-1.208698 -1.1119015
-1.5090182 -1.3755846
-1.5338199 -1.8470283
-1.5661633 -1.6253307
-1.454139 -1.4254098
-1.4481411 -1.4414217
-1.7264454 -1.19454
-0.38963127 -0.4242177
-1.3988507 -0.70101
-1.4910543 -1.6501877
-1.2227871 -1.4448714
-1.5353806 -1.2076595
-1.1241639 -0.8654871
-0.30166197 -0.46512222
-1.6787524 -1.7113187
-1.0059903 -1.1502261
-1.2453351 -1.1600025
-1.0196502 -0.994679
-1.4938662 -1.4757767
-1.1140096 -1.6361337
2.008772 1.759932
-1.1326013 -1.1261151
-1.8361416 -1.8724537
-0.4485643 -0.5959506
-1.4483252 -1.4278977
-1.5452385 -1.6845105
-0.7106576 -2.1061919
0.8572531 0.86678934
-1.9077094 -1.296843
-1.7800696 -1.9212224
-1.7821252 -1.6647837
-1.9082274 -1.8975132
-1.0970421 -0.8668642
-0.7650416 -0.5943625
-1.117156 -1.0756788
-1.5734446 -1.5414314
-1.3904057 -1.7992861
1.8950725 1.7876544
-1.5292017 -1.5136282
-1.0155237 -0.922441
-1.2329392 -1.0705161
-0.9066632 -0.92503023
3.5001512 3.1394348
-1.4196987 -1.3681674
-1.4796786 -1.4548542
-0.80672383 -1.0025764
-1.7457454 -1.7027512
-1.6605561 -1.6235931
-1.4914474 -1.4174778
-1.44066 -1.3622828
-1.8125861 -1.790345
-1.5945339 -1.5402546
-1.6351228 -1.7552557
-1.684783 -1.647305
-1.1932852 -0.82295084
-1.4587116 -1.5780053
-0.6137154 -0.6919453
-1.5949962 -1.4801102
-2.3208783 -2.896027
-1.433342 -1.3411801
-1.1395969 -1.3588781
0.40535307 0.36998796
-1.4292722 -1.4149334
0.4561925 0.014295101
-1.8984501 -1.7438347
-1.6052642 -1.5690053
-0.95172524 -0.6527777
-1.3849046 -1.3302662
-1.3935838 -1.2996728
-1.6067786 -1.1270673
0.023383617 -0.5658283
-1.3953059 -1.3498058
-1.4943442 -1.1943765
-1.4184089 -1.6345239
-1.9289758 -1.9725962
-1.853302 -1.7645884
-1.6847544 -1.695133
-1.4217067 -1.4180503
-0.96172047 -0.94505763
-0.94356966 -0.80762744
-1.8306746 -1.83515
2.8407903 2.7118979
-1.4377406 -1.3901656
-1.1786234 -1.1660676
-1.8007879 -1.8178179
-1.6694825 -1.5300453
-1.5987675 -1.5633919
-1.0373907 -0.98593426
-1.6118293 -1.5770936
-1.4886713 -1.1806552
-1.3960226 -2.6690197
-1.4621444 -1.3429565
-1.8412528 -2.2457664
-0.09888458 -0.44784975
-1.7675216 -1.6674473
-1.1327729 -0.5917454
-1.966506 -1.7860532
-1.1232865 -1.096638
-0.88433766 -0.90242267
1.5812941 0.75550413
-1.7425644 -1.811466
-1.7677786 -1.9084604
-1.7517922 -1.784178
-0.6361964 -0.76038265
-1.37394 -1.3643322
-1.4064319 -1.3576348
-1.3019314 -1.2643521
-1.7774148 -1.5288031
1.9522438 1.7130046
-0.77972484 -0.552654
-1.3998697 -1.1512284
-1.5499911 -1.4924715
-1.13324 -0.9214809
-1.0679083 -1.0691957
-0.9105637 -1.020489
-1.3681839 -1.5112698
-1.4967661 -1.2933128
-1.6455994 -1.6106055
-0.8977399 -0.11901808
-1.6641684 -1.50771
2.4633956 2.094499
-1.8094132 -1.7868834
2.9145408 2.838138
-1.4860401 -1.5177038
-1.5340874 -1.6912429
-1.763392 -1.9989498
2.2693434 2.1575947
-0.48804235 -0.28514194
-1.0817242 -1.0837922
-1.5178194 -1.4990859
-1.4445312 -1.4243197
-1.1457224 -1.1560013
-1.5930362 -1.5121396
0.7694912 0.61651564
-1.1364868 -1.0804954
-1.313868 -1.3159769
-1.3274684 -2.3154426
0.52740526 0.12542629
-1.6703191 -1.6360126
-1.1402471 -0.5339973
-1.2953463 -1.3133307
-1.8260345 -1.9533622
2.1657038 -0.18931723
-0.9476073 -0.97732306
-1.1748741 -1.1629038
-1.4698465 -1.4428515
-1.2773495 -1.1936944
-1.7959821 -2.03694
-1.6206863 -1.7456036
-1.246675 -1.1272938
-1.2969387 -1.2240515
-1.4948468 -1.577563
-1.2095144 -1.4953244
-1.7067904 -1.4082928
0.7740445 0.55904627
-1.4831994 -1.4261141
-1.7576566 -2.377881
-1.3466928 -1.295562
-1.2849462 -1.4266999
-1.9260778 -2.5236888
3.8447127 2.783412
0.6200857 0.52962303
-1.6784267 -1.2690289
-0.8847554 -0.7322624
-1.6051869 -1.5689397
-1.7703638 -1.8601584
-1.5054905 -1.2322166
-1.1787136 -0.94948244
-1.2627614 -1.0418572
3.4921966 3.1201892
-0.8410971 -1.233443
-1.6627185 -1.6255965
-0.75417423 -0.7732394
-0.6942601 -0.6571524
2.2704635 2.1000595
-1.424886 -1.6997399
-1.3357899 -1.2877145
-1.5919435 -1.1861072
-1.7786047 -1.6868172
-1.1891553 -1.2817795
-0.020237446 -0.11555004
-1.348104 -1.7565656
-1.4959624 -2.6770003
-0.9836397 -0.83700895
1.9578218 1.7856832
-1.6082373 -1.6572948
-1.3889439 -0.70321035
-1.4643369 -3.4308991
-1.5542414 -1.5586874
-1.7003722 -1.5653412
-1.8198137 -1.7908854
-1.2844484 -1.2381201
-1.0727248 -0.9304931
-1.4326482 -1.4979811
-0.36378956 -0.509042
-1.8206654 -1.7979386
-1.2076132 -1.2257199
-1.2940061 -1.2815266
-0.9649205 -0.9829359
-1.2729397 -0.9213314
-1.1223905 -1.2962501
-2.0006208 -2.6207314
-1.8813014 -1.7699468
-1.9354775 -0.54532313
-0.712229 -0.8506751
-0.9372785 -0.9910269
-1.2206182 -0.91994095
-1.7160485 -1.7220945
-1.4695821 -1.2469995
-1.0686913 -1.0229106
-1.8354216 -1.895277
-1.5195005 -1.5030437
-0.32600212 -0.6438832
-1.5078747 -1.2244432
-1.0404804 -1.2824874
1.7800369 1.1708312
-1.6069634 -1.5878313
-0.4912212 -1.0493612
-0.86463904 -0.96803784
-1.5384111 -1.633925
-1.2454777 -2.2956245
-1.3550768 -1.1381292
-1.5475917 -1.6052237
0.7599654 -0.0929265
-1.1178074 -1.4425261
-1.5330315 -1.4339812
-1.2805011 -1.2315247
-1.5012813 -1.6271496
-1.4854889 -1.4644423
-1.293004 -1.2460568
0.5032697 0.40774584
-1.7285538 -1.7049191
-1.0875232 -0.9024668
-1.3711293 -1.7397115
-1.4828153 -1.0524168
-0.85938215 -0.89836717
-0.94604635 -1.0232522
-1.4284236 -1.5581615
-0.41547728 0.010244846
-1.3199453 -0.7696495
-0.9679713 -1.9149308
-1.2609708 -1.3072617
-1.2056389 -1.4054635
-0.74132943 -1.0297234
-1.7501497 -2.5100338
-1.0943348 -1.0966759
-1.3897805 -1.4856644
-1.9355786 -2.3588157
-1.2831535 -1.2812283
-0.88287425 -0.83540154
-0.118628025 -0.25147486
-0.486068 -0.49484873
-0.39816856 -0.37443066
-1.502507 -1.7874453
-1.6735921 -1.6429987
-0.7760439 -0.8095553
-1.5863862 -1.6769912
-1.4017866 -1.3887076
-0.90722466 -0.9498749
-1.0126467 -0.8130412
-0.9887793 -0.92655635
-1.8837519 -1.81025
2.069405 1.866682
2.2718654 1.9789586
-1.654531 -1.6672032
-1.7728353 -1.9974866
-1.490556 -1.4440725
-1.8063629 -1.77333
-0.46662116 -0.5110333
-1.1616476 -1.2950325
-1.284107 -1.2153215
-1.0228643 -1.1969876
-1.2101545 -1.4493222
-1.337306 -1.3113098
-1.563159 -2.4259887
-1.4473646 -1.379384
-1.3487351 -1.4432704
-1.7635493 -1.7901535
-1.2759571 -0.83615136
-1.2086987 -1.1582057
-1.1476216 -1.2311435
-0.51576114 -0.2770462
-1.5095019 -0.94023395
-1.6987069 -1.7549279
-1.8522227 -1.9189007
-1.5328035 -1.580229
-1.5005295 -1.4482603
-2.0233028 -2.598082
-1.4316063 -1.4169202
0.03448248 -0.17651176
1.6666183 1.8731389
-1.2386425 -1.2221897
-1.4325948 -3.6167486
-1.9142845 -0.82954454
-1.279166 -0.9139626
-1.5299792 -1.5646579
-1.505676 -1.17999
-1.4722254 -1.4628162
-1.734617 -2.0523481
-1.6153498 -2.7752547
-1.3839328 -1.4309359
-1.4208932 -1.3665996
-0.87987375 -1.2075891
-1.60885 -1.4389484
-0.541661 0.36337566
-0.60488176 -1.2342105
-1.7840259 -1.6073785
-1.493614 -1.54158
-1.3956265 -1.346492
0.10294008 -0.10961962
-0.7916882 -0.540931
-1.3645334 -1.528238
-0.9105594 -1.0625002
-1.7217331 -1.907085
-1.6167085 -1.5797529
-1.067452 -1.0287645
-1.5367312 -3.8376484
-0.9384506 -0.3906393
-1.6895599 -1.5460517
-1.6355393 -1.7286425
-1.4501047 -1.5220788
-1.3375416 -1.3340228
-0.4747448 -0.9590783
-1.6292577 -1.3784065
-1.3370943 -1.5330272
-1.1547573 -1.166363
-1.2741814 -0.8926389
-1.5056427 -1.569355
-1.6309111 -1.5448418
-1.4451675 -0.7344899
-1.5976408 -1.557411
1.9538856 1.7480793
-1.3481195 -1.3521674
-1.2421606 -1.2519162
-1.0042858 -1.0212569
-0.922951 -1.0208793
-1.6843126 -1.7574909
-1.8138769 -2.2804897
-1.445981 -1.2389894
-1.7903199 -1.7413993
-1.374532 -1.5472524
-1.6108694 -1.5273168
1.0002856 1.1572561
-1.5160239 -1.6783712
-1.3943386 -1.3674626
0.4154606 0.21962976
-1.1596961 -0.9185002
-1.0463946 -1.3338759
-1.7657397 -1.7290349
-0.25346184 0.36223507
-1.2901425 -1.341378
-1.242707 -0.85788846
-2.1126256 -2.419504
-1.0129125 -1.1826954
-0.51407385 -0.04785204
-1.5345929 -1.6558218
-1.073621 -0.40519667
0.5391536 0.68071604
-0.7544625 -0.80308604
-0.78573203 -1.394515
-1.2868617 -1.531604
-1.6760511 -1.5180714
-1.5691736 -1.6013162
-1.7691097 -2.4836583
-0.5298035 -0.49059916
-1.7261026 -1.6279707
-1.4412065 -1.4474254
-1.133394 -0.9094577
-1.0213308 -1.0291915
-1.3066471 -1.0162966
-1.5874124 -1.8473668
-0.89254546 -0.9497795
-1.2733529 -1.9132199
-1.6178839 -2.3929832
-1.1925147 -1.0890663
-1.844739 -2.1017005
4.9159694 5.1995625
-0.73972034 -0.39786434
-0.84268284 -0.6254213
-1.618875 -1.6555674
-1.7381663 -0.207304
-1.8978395 -1.957438
-1.5129964 -1.4944575
-1.4232454 -1.4021199
-1.687 -2.165996
-0.6728296 -0.42624903
-1.7554648 -1.2339182
-1.2649033 -1.288363
-1.7688296 -1.8340566
-1.6381166 -1.2358925
-1.007452 -0.26347017
-0.92791176 -1.2291327
-1.3986018 0.68348837
-1.5190043 -1.6888552
-1.6547503 -1.551481
-1.8329158 -1.8305433
-1.3057008 -1.2942624
-1.852294 -1.6645036
-1.603673 -1.6995106
-1.2364244 -0.91945195
-1.4355359 -1.4721413
-1.5643008 -1.2735798
-1.205312 -1.3798211
-1.6108913 -1.4465675
-1.6889825 -1.6910872
-1.035491 -1.0520949
-1.6695397 -1.323211
-1.1389551 -1.3718705
-1.4234703 -1.2474759
-0.1663351 -0.22814608
-1.4991384 -1.7758546
-0.5775454 -0.6055517
-1.4859383 0.04066086
-0.76126885 -0.8215225
-1.6922319 -1.7320404
-1.7514489 -1.9210782
-0.12721348 -0.25085115
-1.4102881 -1.4200118
-1.1091788 -1.5531476
-1.1864042 -1.1746337
-1.0962589 -1.804122
-1.0959122 -1.0928771
-0.7910421 -1.4765351
-1.9052029 -1.6689177
-1.6507523 -1.6135535
-1.369175 -0.4211936
-1.7537689 -1.7041595
-1.4196172 -1.4713855
-1.7755871 -1.7307873
-1.6747992 -1.9687548
0.34381294 0.4189043
-1.2806032 -1.2539179
-1.818816 -1.5752239
-1.3572013 -1.3950024
-1.3499732 -0.9828265
-1.6225228 -1.5860415
-0.8280537 -0.84166336
-0.7055981 -0.46234655
-1.8229382 -1.7983165
-1.6248033 -1.6585128
-1.5624936 -3.314171
-1.6258292 -0.97403
0.52433395 1.5415015
-1.4957025 -1.5136547
-1.0915427 -1.0450029
-1.4152453 -1.5700698
1.725873 1.9878788
-1.9434109 -1.876818
-0.69986796 -0.67526627
-1.3062975 -1.1044335
-0.78568816 -0.7388258
-1.3101916 -1.136986
-1.4431391 -1.3736138
-1.6086798 -1.3668997
-0.8540697 -0.24936342
-0.4588716 -0.55649257
-1.2971134 -1.2857366
-1.282517 -1.312242
-1.4259953 -1.39063
-1.3298614 -1.3809555
-1.5907907 -1.123219
-1.7718651 -2.1509016
-1.2711318 -1.2433417
-1.358923 -1.0941851
-1.7875998 -1.8873107
-1.8494525 -2.21665
-1.2731192 -1.2008293
-1.2643912 -0.9587815
-0.6816764 -0.9991164
1.1232042 0.41568327
-1.9218042 -1.8674352
-1.6387234 -1.6229727
-1.8505726 -1.9046524
-1.4858663 -0.9037647
-0.26096106 -0.42084837
-0.6617849 -0.15291214
-1.7228351 -1.6925061
-1.7282364 -1.6220663
-1.1950984 -1.2955687
-1.4780793 -1.3914354
-1.7521944 -0.957237
-0.95887566 -1.0984147
-0.5593667 -0.5512028
-1.3489842 -1.4834354
-1.3165815 -0.9272306
-1.753345 -1.6552913
-1.4084153 -1.444135
-0.8540063 -1.2289183
1.9562774 1.747747
-1.0066903 -0.9642608
0.87145853 0.3734231
-1.579977 -1.6770403
-1.6196969 -1.5858953
-1.76635 -1.9328766
-1.2489817 -1.1487193
-1.6249452 -1.3150916
-1.4261858 -1.5531147
-0.99744105 -1.0858116
-0.60047984 -0.59965754
-1.3327515 -1.3299942
-1.7489581 -2.0201368
-1.148073 -1.1005354
-1.471452 -1.4274454
1.9620848 0.46536064
-1.5110018 -1.4946911
-0.99858546 -1.3767228
1.6177545 1.5132556
-1.6903741 -1.687887
-0.8603871 -1.6512687
-2.2634635 -1.162416
-0.56855655 -0.7362766
-0.21458197 -0.34989548
-1.5587938 -1.4566562
-1.6274543 -1.6916382
-1.3329895 -1.3187146
-1.3803549 -1.7666826
-0.9766574 -1.9259481
1.949935 1.8121352
2.5178041 2.8580327
-0.37543392 0.45983124
-1.6513262 -1.616771
-1.5170255 -1.4995172
-1.7405322 -1.2752619
-0.20406485 -0.06685734
-1.4167185 -1.9210165
-1.3994865 -1.4477003
-1.5760825 -1.6281166
-1.8287501 -1.8079937
-1.1905789 -1.156184
-0.16053104 1.2898078
-1.5890019 -1.6666071
-1.2191048 -1.1969898
-0.9273839 -0.8342049
-1.1662288 -1.0716467
-1.7178047 -1.7472656
-2.5920587 -2.876124
-1.3848891 -1.3188748
-0.6707823 -3.132925
-1.2785292 -2.088035
-1.3231196 -1.0265191
-1.7551689 -1.8549426
-1.3882585 -0.9924915
1.2188482 1.3299184
-1.4239981 -1.3067601
-1.5239689 -1.5062115
-1.4423573 -1.3270147
-1.4679518 -1.551322
-1.6651936 -1.4461775
-1.2445436 -1.6402903
-0.49381948 -0.52797174
-0.8214052 -0.64974666
0.54601145 -0.0003232956
-1.6277494 -1.5320861
-1.4536104 -1.3896031
-1.7135735 -2.5790076
-1.8404882 -1.843859
-1.7079382 -1.8939672
-1.7304344 -1.7492986
-0.077228546 -0.2901826
-1.8229249 -1.7982836
-0.4174347 -0.91212034
-0.24903965 -0.6902056
-1.0853465 -1.0993378
-1.2057154 -1.1347873
-1.3375902 -1.3340244
-1.5396335 -1.9539557
-1.1376832 -1.129241
-0.9739189 -1.3824115
-1.0852792 -1.1939125
-1.7931962 -1.8780391
-1.8793747 -1.94031
-1.19099 -1.0803416
-1.2542446 -1.4153254
-1.3370693 -1.3325086
-1.6666656 -1.2912867
-1.483896 -1.4299047
-0.65359306 -1.4637709
-1.727287 -1.6872225
-0.120262146 0.29204512
-1.4950228 -1.4791424
-1.494206 -1.7168198
-1.4509773 -1.1680098
-1.7092814 -1.78565
-1.4738271 -1.4047935
-1.555726 -1.8367233
