0.39831153 0.40891537
0.41819352 0.35992506
0.35779688 0.3973725
0.42050245 0.36648366
0.41755188 0.8154216
0.48309207 0.7572284
0.39914873 0.42109126
0.3963566 0.35874784
0.4139341 0.3982336
0.34836185 0.34024802
0.40763843 0.40114218
0.4139935 0.22740452
0.4330867 0.30667162
0.37773547 0.28134745
0.40393865 0.30915138
0.3991208 0.47062075
0.42243752 0.3971819
0.40910128 0.84117484
0.4154752 0.38306466
0.34069243 0.2741027
0.41907132 0.38788462
0.411403 0.36602268
0.37114957 0.6829959
0.34982395 0.24872674
0.41478294 0.44808757
0.40592125 0.4395764
0.38158733 0.3685329
0.41850704 0.38703334
0.38656428 0.49944597
0.41911614 0.37092233
0.41768503 0.3943157
0.33452392 0.40344235
0.4039761 0.42133197
0.33349013 0.20363562
0.36198992 0.34344628
0.39433074 0.4340893
0.4150941 0.46470553
0.39993 0.40924922
0.41698825 0.39809367
0.4240647 0.36784616
0.41240728 0.5445557
0.42209834 0.82927597
0.40937102 0.374075
0.4230608 0.35177618
0.4295954 0.64290535
0.32963288 0.4329648
0.41804022 0.35320872
0.39934275 0.40250647
0.33926073 0.39617157
0.42171493 0.74795395
0.3477559 0.09009442
0.33522934 0.248639
0.38131753 0.40731427
0.393485 0.6862813
0.40205774 0.42670643
0.39970767 0.3781346
0.33000645 0.32926217
0.34423307 0.4267145
0.43037745 0.35718188
0.39523882 0.038227946
0.4248119 0.43403974
0.3967626 0.3565978
0.42306077 0.38677382
0.40094915 0.31557798
0.40151256 0.38477206
0.41018033 0.94079816
0.41231444 0.361511
0.40596604 0.4322464
0.42430183 0.33295116
0.42498052 0.59020835
0.40760332 0.53683007
0.38994944 0.42461526
0.43138483 0.37979546
0.3922084 0.7781582
0.4175768 0.39577803
0.420384 0.42990652
0.4145137 0.33684638
0.4274928 0.35827133
0.33615458 0.41782263
0.7907689 1.0
0.40349984 0.44063663
0.3364779 0.38498932
0.42207858 0.44143024
0.3985834 0.41984245
0.362186 0.30848056
0.40377575 0.4089515
0.42498052 0.37311518
0.42081907 0.4375663
0.4084494 0.43718824
0.40300977 0.043766934
0.41451067 0.4483062
0.41650945 0.40355414
0.34219742 0.3295967
0.40971905 0.3454023
0.42179567 0.34251776
0.33666113 0.39164236
0.40215254 0.23043667
0.4179836 0.91940624
0.39696276 0.41058934
0.34744722 0.42469347
