-1.1402061 -2.5294528
-1.151099 -1.2705991
-1.3439307 -1.3083386
-0.272851 -0.2589426
-0.28237534 -0.4944787
-1.3587813 -1.391581
-0.56800675 -1.1829054
-1.2972319 -1.474011
-1.1439962 -1.2986455
-0.8771732 -1.0316286
-1.4207845 -1.465543
-1.2492821 -1.3541243
-1.3080089 -1.2397883
-0.56313443 -0.6342852
2.871461 0.17650986
-1.4296296 -1.6182411
-1.3073268 -1.4147446
0.5532408 -0.03542471
0.28452158 -0.27616358
-1.4730546 -1.6011314
0.7084174 -0.8246944
-1.1088336 -1.24123
0.89909124 0.40548944
-1.2394912 -1.2294145
-1.3116341 -1.4651031
-1.4274147 -1.685077
-0.81032085 -0.99392104
-1.4028287 -1.3557107
-0.9861932 -1.5802205
-1.3418746 -1.9625301
-1.1575701 -1.221236
0.10948944 -0.78474617
-1.2732584 -1.4383516
-1.3820436 -1.5665677
0.6365609 -0.2718191
-0.89333963 -1.0138886
-1.0939357 -2.3123095
-1.4928758 -3.0941572
-1.2078705 -1.0021672
-1.3952448 -1.7964315
-1.6595283 -1.7345617
-1.3482444 -1.497186
2.3500943 2.325327
-1.2623029 -1.3363183
0.30744743 -0.7035773
-1.105681 -1.3075421
-1.5715208 -1.7640512
2.0054517 2.0727081
-1.3062623 -1.4719968
-0.61013913 -0.7254102
-1.301614 -1.6485825
-1.7209091 -1.705513
-0.17395735 -0.5232041
-2.3238788 -0.4513607
-1.5120466 -1.4693942
-1.4690762 -1.5595102
-1.7802932 -1.2523038
-1.8542473 -3.497426
-1.3032935 -1.2952697
0.12815905 0.102395535
-1.4681122 -1.5610666
-1.5253301 -1.6204479
1.7866197 1.4066935
-1.1533098 -1.4156089
-1.3093925 -1.2156963
-0.9908092 -0.970469
-0.5646429 -1.064852
-0.7287791 -2.2229373
-1.6720474 -1.7503932
2.0596967 2.3029199
-1.3638587 -1.1937592
-1.2618074 -1.1779902
-1.2804749 -1.5077682
-0.9909134 -0.97453284
-0.5225463 -1.1694183
-1.0427654 -1.7062755
-1.370969 -1.6383159
0.21382523 -0.7343805
-1.0579004 -1.134803
-0.04731846 -0.069087505
1.3776731 -0.96568656
0.21999693 -0.9462538
-1.5967104 -1.7757237
-1.3508976 -1.4733839
-0.28034067 -0.49261284
0.15295553 -0.9420221
-1.5362568 -1.6403401
-1.8744459 -3.4586477
-0.8839853 -1.0333507
-1.0157607 -1.5526464
-0.44367504 -1.3397381
-1.60747 -1.787257
5.5211234 4.4113708
2.3484116 2.1195335
-1.0673523 -1.1119015
-0.53898215 -1.3755846
-1.6893117 -1.8470283
-1.6063786 -1.6253307
-1.3150399 -1.4254098
-1.340636 -1.4414217
-1.2696915 -1.19454
-0.55031896 -0.4242177
-1.2509539 -0.70101
-0.9788282 -1.6501877
-1.0968077 -1.4448714
-0.77078056 -1.2076595
-0.6477132 -0.8654871
-0.3192606 -0.46512222
-1.3154876 -1.7113187
-0.060026646 -1.1502261
-1.1908891 -1.1600025
-0.8249793 -0.994679
-1.3004038 -1.4757767
-1.2427115 -1.6361337
1.8982172 1.759932
-0.85314345 -1.1261151
-1.6501482 -1.8724537
-0.3541336 -0.5959506
-1.2590177 -1.4278977
-1.3334789 -1.6845105
-1.0682864 -2.1061919
0.9105835 0.86678934
-1.5231581 -1.296843
-1.7264538 -1.9212224
-1.6384342 -1.6647837
-1.8716869 -1.8975132
-0.9612875 -0.8668642
-0.41780615 -0.5943625
-1.0374191 -1.0756788
-1.3886883 -1.5414314
-1.219167 -1.7992861
2.2259908 1.7876544
-1.3520412 -1.5136282
-0.8758216 -0.922441
-1.1396832 -1.0705161
-0.72798324 -0.92503023
2.855019 3.1394348
-1.2742321 -1.3681674
-1.2744591 -1.4548542
-0.4307704 -1.0025764
-1.4084167 -1.7027512
-1.4606333 -1.6235931
-1.314827 -1.4174778
-1.2092454 -1.3622828
-1.5809307 -1.790345
-1.4257462 -1.5402546
-1.1385207 -1.7552557
-1.4812915 -1.647305
-0.42532778 -0.82295084
-1.0557561 -1.5780053
-0.6927352 -0.6919453
-1.1886103 -1.4801102
-2.2752805 -2.896027
-0.45195127 -1.3411801
-1.0327821 -1.3588781
0.40637445 0.36998796
-1.2686124 -1.4149334
0.72244596 0.014295101
-1.6095965 -1.7438347
-1.414372 -1.5690053
-0.33577728 -0.6527777
-1.1932561 -1.3302662
-1.2455313 -1.2996728
-1.4933827 -1.1270673
0.40324163 -0.5658283
-1.2231898 -1.3498058
-1.3034616 -1.1943765
-1.0150602 -1.6345239
-1.1952534 -1.9725962
-1.6425357 -1.7645884
-1.4207573 -1.695133
-1.3119562 -1.4180503
-0.8212497 -0.94505763
-0.9437103 -0.80762744
-2.299726 -1.83515
2.6832404 2.7118979
-1.2569008 -1.3901656
-1.1129439 -1.1660676
-1.6101987 -1.8178179
-1.4766736 -1.5300453
-1.409117 -1.5633919
-0.92098594 -0.98593426
-1.4494164 -1.5770936
-1.1804187 -1.1806552
-1.4318483 -2.6690197
-1.1648965 -1.3429565
-1.8765562 -2.2457664
0.13483381 -0.44784975
-1.1632509 -1.6674473
-1.1384752 -0.5917454
-1.4769058 -1.7860532
-1.217727 -1.096638
-0.7051382 -0.90242267
1.1671424 0.75550413
-1.646832 -1.811466
-1.5226765 -1.9084604
-1.7027378 -1.784178
-0.50088 -0.76038265
-1.2180359 -1.3643322
-0.8422942 -1.3576348
-1.1489246 -1.2643521
-1.7046201 -1.5288031
1.8401799 1.7130046
-0.76431704 -0.552654
-1.5435786 -1.1512284
-1.2182148 -1.4924715
-0.53757596 -0.9214809
-1.0332968 -1.0691957
-0.7882807 -1.020489
-0.5299003 -1.5112698
-1.2197013 -1.2933128
-1.4843383 -1.6106055
-0.4578843 -0.11901808
-1.3037405 -1.50771
2.7432733 2.094499
-1.5729496 -1.7868834
1.8354568 2.838138
-1.2743742 -1.5177038
-1.168287 -1.6912429
-1.47054 -1.9989498
2.234908 2.1575947
-0.33988523 -0.28514194
-0.83353233 -1.0837922
-0.71046805 -1.4990859
-1.2557282 -1.4243197
-0.9796877 -1.1560013
-1.4368787 -1.5121396
0.8038225 0.61651564
-1.0339739 -1.0804954
-1.1468906 -1.3159769
-1.3127129 -2.3154426
0.46994495 0.12542629
-1.7045372 -1.6360126
-1.4657965 -0.5339973
-1.1661813 -1.3133307
-1.5177078 -1.9533622
2.9772487 -0.18931723
-0.9243696 -0.97732306
-1.1100852 -1.1629038
-1.2598231 -1.4428515
-1.3638585 -1.1936944
-1.6702111 -2.03694
-1.4315314 -1.7456036
-0.9372332 -1.1272938
-1.2359099 -1.2240515
-1.4587951 -1.577563
-1.067899 -1.4953244
-1.6771436 -1.4082928
0.80493116 0.55904627
-1.2644415 -1.4261141
-1.6083465 -2.377881
-0.3062315 -1.295562
-1.4787521 -1.4266999
-1.8101971 -2.5236888
3.357761 2.783412
1.3441019 0.52962303
-1.3742883 -1.2690289
0.17073154 -0.7322624
-1.4143069 -1.5689397
-1.5818176 -1.8601584
-1.1603067 -1.2322166
-1.103054 -0.94948244
-1.2482591 -1.0418572
2.8554125 3.1201892
-0.51867175 -1.233443
-1.4624655 -1.6255965
0.14143562 -0.7732394
-0.6024897 -0.6571524
2.3614206 2.1000595
-1.3422253 -1.6997399
-1.2077606 -1.2877145
-1.3614976 -1.1861072
-1.5191867 -1.6868172
-1.1595402 -1.2817795
0.12779474 -0.11555004
-1.036947 -1.7565656
-1.4890463 -2.6770003
-0.78071094 -0.83700895
1.8469071 1.7856832
-0.9233384 -1.6572948
-1.8515923 -0.70321035
-1.8341856 -3.4308991
-1.3069901 -1.5586874
-1.3267245 -1.5653412
-1.6100793 -1.7908854
-1.1026015 -1.2381201
-0.3076334 -0.9304931
-1.368844 -1.4979811
-0.10679054 -0.509042
-1.6041505 -1.7979386
-1.0515547 -1.2257199
-1.1428783 -1.2815266
-0.788131 -0.9829359
-1.167078 -0.9213314
-2.7136364 -1.2962501
-1.8682461 -2.6207314
-1.6932266 -1.7699468
-1.6567307 -0.54532313
-0.90858054 -0.8506751
-1.2270076 -0.9910269
-0.803915 -0.91994095
-1.6183455 -1.7220945
-1.3315196 -1.2469995
-0.70623636 -1.0229106
-1.5339279 -1.895277
-1.3263812 -1.5030437
-0.26705503 -0.6438832
-1.4583025 -1.2244432
-0.91431904 -1.2824874
2.1144476 1.1708312
-1.6345451 -1.5878313
-0.6805539 -1.0493612
-1.0966799 -0.96803784
-1.3370979 -1.633925
-1.0883365 -2.2956245
-1.1645131 -1.1381292
-1.4089985 -1.6052237
1.2408438 -0.0929265
-0.8887596 -1.4425261
-1.3376212 -1.4339812
-1.0927637 -1.2315247
-0.9065168 -1.6271496
-1.3170967 -1.4644423
-1.2109637 -1.2460568
0.36117554 0.40774584
-1.4176307 -1.7049191
-0.9242332 -0.9024668
-1.2019091 -1.7397115
-1.1838086 -1.0524168
-0.8853884 -0.89836717
-0.66162705 -1.0232522
-1.578728 -1.5581615
-0.24182415 0.010244846
-1.2526791 -0.7696495
-1.868433 -1.9149308
-1.0425663 -1.3072617
-1.15375 -1.4054635
-1.0040712 -1.0297234
-1.2503707 -2.5100338
-0.61236024 -1.0966759
-0.6498635 -1.4856644
-1.8573749 -2.3588157
-1.1419985 -1.2812283
-0.6297374 -0.83540154
0.15775776 -0.25147486
0.06392479 -0.49484873
0.19703484 -0.37443066
-1.1095564 -1.7874453
-1.1841917 -1.6429987
-0.5465889 -0.8095553
-1.5355885 -1.6769912
-1.2438717 -1.3887076
-0.47472334 -0.9498749
-0.6885333 -0.8130412
-0.91632223 -0.92655635
-1.7496519 -1.81025
1.9468341 1.866682
2.2619486 1.9789586
-1.5725474 -1.6672032
-1.5425079 -1.9974866
-1.074373 -1.4440725
-1.5945528 -1.77333
-0.6840725 -0.5110333
-1.1340556 -1.2950325
-1.2721038 -1.2153215
-1.1052516 -1.1969876
-0.60192084 -1.4493222
-1.0101588 -1.3113098
-1.8202562 -2.4259887
-1.2107038 -1.379384
-1.2042785 -1.4432704
-1.5910039 -1.7901535
-0.5759342 -0.83615136
-0.822984 -1.1582057
-0.9703965 -1.2311435
-0.49633646 -0.2770462
-1.5123768 -0.94023395
-1.6077092 -1.7549279
-1.6254294 -1.9189007
-1.4229972 -1.580229
-1.4203556 -1.4482603
-1.9023697 -2.598082
-1.2706826 -1.4169202
-0.38084412 -0.17651176
1.3015895 1.8731389
-1.3382423 -1.2221897
-1.4125671 -3.6167486
-1.231652 -0.82954454
-1.1287396 -0.9139626
-1.369158 -1.5646579
-1.705749 -1.17999
-1.3289249 -1.4628162
-1.3921611 -2.0523481
-1.6538131 -2.7752547
-1.2985148 -1.4309359
-1.2406456 -1.3665996
-0.77924967 -1.2075891
-1.2109516 -1.4389484
0.042589664 0.36337566
-0.10069275 -1.2342105
-1.0054975 -1.6073785
-1.3831182 -1.54158
-1.3217432 -1.346492
0.9047041 -0.10961962
-0.45023966 -0.540931
-1.674576 -1.528238
-0.8988519 -1.0625002
-1.0258629 -1.907085
-1.4238861 -1.5797529
-0.88723373 -1.0287645
-1.5309775 -3.8376484
-0.73759365 -0.3906393
-1.4296079 -1.5460517
-1.6009054 -1.7286425
-1.2750142 -1.5220788
-1.2617626 -1.3340228
-0.79679704 -0.9590783
-1.0800593 -1.3784065
-1.6537378 -1.5330272
-0.98936415 -1.166363
-1.1460571 -0.8926389
-1.342746 -1.569355
-1.3545201 -1.5448418
-1.3087571 -0.7344899
-1.3132129 -1.557411
1.8421865 1.7480793
-1.2922678 -1.3521674
-1.1900737 -1.2519162
-0.82928014 -1.0212569
-0.5401368 -1.0208793
-1.5086517 -1.7574909
-1.4888468 -2.2804897
-1.3367059 -1.2389894
-1.7198064 -1.7413993
-1.2731261 -1.5472524
-1.4494026 -1.5273168
2.0921803 1.1572561
-1.3708868 -1.6783712
-0.8515973 -1.3674626
0.39816332 0.21962976
-0.7694166 -0.9185002
-0.8945792 -1.3338759
-1.5537007 -1.7290349
0.39596653 0.36223507
-1.1735339 -1.341378
-0.79036236 -0.85788846
-1.0028052 -2.419504
-0.9835515 -1.1826954
-0.2130704 -0.04785204
-1.2320538 -1.6558218
-0.26828766 -0.40519667
1.3583989 0.68071604
-0.29143286 -0.80308604
-0.67827654 -1.394515
-0.8761704 -1.531604
-1.2974801 -1.5180714
-1.3615682 -1.6013162
-1.1003668 -2.4836583
-0.1919713 -0.49059916
-1.2728152 -1.6279707
-1.3016601 -1.4474254
-0.8903661 -0.9094577
-1.0012856 -1.0291915
-0.72701406 -1.0162966
-1.4392555 -1.8473668
-0.81717205 -0.9497795
-0.60760903 -1.9132199
-1.448014 -2.3929832
-0.808923 -1.0890663
-1.7815373 -2.1017005
4.71104 5.1995625
-0.13184404 -0.39786434
-0.6415446 -0.6254213
-1.4352927 -1.6555674
-1.2828329 -0.207304
-1.4903278 -1.957438
-1.3194818 -1.4944575
-1.2370784 -1.4021199
-0.7800391 -2.165996
-0.10607386 -0.42624903
-1.4048367 -1.2339182
-1.0615001 -1.288363
-1.7258062 -1.8340566
-1.8853462 -1.2358925
-0.48407054 -0.26347017
0.0019984245 -1.2291327
-1.2327366 0.68348837
-1.4340248 -1.6888552
-1.2572541 -1.551481
-1.5985763 -1.8305433
-1.2250495 -1.2942624
-1.6652038 -1.6645036
-1.4105461 -1.6995106
-1.1363144 -0.91945195
-1.3386779 -1.4721413
-1.114718 -1.2735798
-0.6612873 -1.3798211
-1.2249472 -1.4465675
-1.6567454 -1.6910872
-0.9439113 -1.0520949
-1.3778617 -1.323211
-0.8419416 -1.3718705
-1.1470046 -1.2474759
0.64409685 -0.22814608
-1.4224708 -1.7758546
-0.39962626 -0.6055517
-1.7478719 0.04066086
-0.6533046 -0.8215225
-1.3689487 -1.7320404
-1.6675594 -1.9210782
-0.28533363 -0.25085115
-1.3817766 -1.4200118
-0.63884974 -1.5531476
-1.1189458 -1.1746337
-1.0023494 -1.804122
-1.0524807 -1.0928771
-0.585171 -1.4765351
-1.5782466 -1.6689177
-1.4989579 -1.6135535
-0.69786644 -0.4211936
-1.5454736 -1.7041595
-1.407932 -1.4713855
-1.4897904 -1.7307873
-1.5526876 -1.9687548
0.15525961 0.4189043
-0.88381386 -1.2539179
-1.2800171 -1.5752239
-1.2730279 -1.3950024
-1.012816 -0.9828265
-1.4287248 -1.5860415
-0.8533592 -0.84166336
-0.5115793 -0.46234655
-1.6125839 -1.7983165
-1.3816557 -1.6585128
-2.071467 -3.314171
-1.1719971 -0.97403
0.98050594 1.5415015
-1.0018008 -1.5136547
-0.72912526 -1.0450029
-1.3233557 -1.5700698
1.8929563 1.9878788
-1.701839 -1.876818
-0.36814213 -0.67526627
-0.81006 -1.1044335
-0.60707784 -0.7388258
-1.0222642 -1.136986
-1.3847034 -1.3736138
-1.6109393 -1.3668997
-0.0011396408 -0.24936342
-0.49288845 -0.55649257
-0.86578727 -1.2857366
-0.50393796 -1.312242
-1.4147623 -1.39063
-1.148354 -1.3809555
-1.2399414 -1.123219
-1.7770483 -2.1509016
-0.42517185 -1.2433417
-1.1759536 -1.0941851
-1.4705431 -1.8873107
-1.6272578 -2.21665
-1.54701 -1.2008293
-1.2319791 -0.9587815
-0.5654495 -0.9991164
1.5191069 0.41568327
-1.8152168 -1.8674352
-1.6063821 -1.6229727
-1.5065253 -1.9046524
-0.36539364 -0.9037647
-0.109025 -0.42084837
-0.4603064 -0.15291214
-1.8552022 -1.6925061
-1.5428972 -1.6220663
-0.9872513 -1.2955687
-1.4609668 -1.3914354
-1.6068168 -0.957237
-1.0030301 -1.0984147
-0.0050697327 -0.5512028
-1.2472048 -1.4834354
-1.0688112 -0.9272306
-1.5219517 -1.6552913
-1.2424743 -1.444135
-0.6508405 -1.2289183
1.8450675 1.747747
-0.64562464 -0.9642608
0.08284998 0.3734231
-1.5335526 -1.6770403
-1.4720144 -1.5858953
-1.7767773 -1.9328766
-0.8932426 -1.1487193
-1.3061938 -1.3150916
-0.65938234 -1.5531147
-0.967113 -1.0858116
1.0685415 -0.59965754
-1.2557838 -1.3299942
-1.7526846 -2.0201368
-0.87069917 -1.1005354
-1.1119261 -1.4274454
1.3158164 0.46536064
-1.3171258 -1.4946911
-0.5343659 -1.3767228
1.4616914 1.5132556
-1.4253287 -1.687887
-1.0504212 -1.6512687
-1.9736302 -1.162416
-0.36039925 -0.7362766
-0.276762 -0.34989548
-1.3039343 -1.4566562
-1.447648 -1.6916382
-1.2389579 -1.3187146
-1.3607492 -1.7666826
-0.7272854 -1.9259481
1.837327 1.8121352
2.9222088 2.8580327
-0.04762268 0.45983124
-1.4980435 -1.616771
-1.323561 -1.4995172
-2.332539 -1.2752619
-0.12199116 -0.06685734
-1.0638819 -1.9210165
-1.0498352 -1.4477003
-1.3419974 -1.6281166
-1.6215205 -1.8079937
-1.1329138 -1.156184
0.5066428 1.2898078
-0.97594714 -1.6666071
-0.95284843 -1.1969898
-0.96468735 -0.8342049
-1.2440326 -1.0716467
-1.7496953 -1.7472656
-2.5731287 -2.876124
-1.2076304 -1.3188748
-0.17639065 -3.132925
-0.66400313 -2.088035
-1.1966465 -1.0265191
-1.56165 -1.8549426
-1.2143095 -0.9924915
1.3877525 1.3299184
-1.273948 -1.3067601
-1.3452101 -1.5062115
-1.4070401 -1.3270147
-1.4856007 -1.551322
-1.1207049 -1.4461775
-0.7190895 -1.6402903
-0.31800985 -0.52797174
-0.66103506 -0.64974666
0.5265074 -0.0003232956
-1.4028001 -1.5320861
-1.2187934 -1.3896031
-1.7266407 -2.5790076
-1.6995606 -1.843859
-1.4878955 -1.8939672
-1.7522895 -1.7492986
-0.17297363 -0.2901826
-1.6127019 -1.7982836
0.40332556 -0.91212034
-0.55804586 -0.6902056
-0.91518354 -1.0993378
-1.1142924 -1.1347873
-1.2618141 -1.3340244
-1.6332543 -1.9539557
-1.0823894 -1.129241
-0.9118278 -1.3824115
-0.88061976 -1.1939125
-1.3709211 -1.8780391
-1.573854 -1.94031
-0.8185382 -1.0803416
-0.98303914 -1.4153254
-1.2612369 -1.3325086
-1.5087123 -1.2912867
-1.328722 -1.4299047
-0.20903206 -1.4637709
-1.416179 -1.6872225
0.1653223 0.29204512
-1.5520267 -1.4791424
-1.3030598 -1.7168198
-1.0309637 -1.1680098
-1.2511795 -1.78565
-1.3172178 -1.4047935
-1.3167145 -1.8367233
