0.3925597 0.3959467
0.40391618 0.6719816
0.39191815 0.42524156
0.39713743 0.34243387
0.39212793 0.55957735
0.39335716 0.41446277
0.39296836 0.3870099
0.3923884 0.36723047
0.38588876 0.47376508
0.38548636 0.40322363
0.38572556 0.47321835
0.4054848 0.42742622
0.39287814 0.2736577
0.39247856 0.42093188
0.38692033 0.05052417
0.39317068 0.49122268
0.38956553 0.2836935
0.38580823 0.4665106
0.39132768 0.4454751
0.38681385 0.16562948
0.39590317 0.36791605
0.40095288 0.41630673
0.39253038 0.36139488
0.39342487 0.4055952
0.38520625 0.4870056
0.38599184 0.3934288
0.39247102 0.3589238
0.39197424 0.39744988
0.39108735 0.39768252
0.39425975 0.41354927
0.4187656 0.22540107
0.39291656 0.8362644
0.40612227 0.3610905
0.4063962 0.5234755
0.40938014 0.42347118
0.38852006 0.36435327
0.3866374 0.25933772
0.38681716 0.23045222
0.3859641 0.4934931
0.3853932 0.48539275
0.39180404 0.38900933
0.3948863 0.4318865
0.385007 0.53358597
0.38522613 0.39964998
0.39331087 0.28927776
0.4079041 0.44729033
0.39509124 0.41002786
0.39295512 0.40517417
0.39284837 0.48450154
0.38631362 0.1761841
0.3860749 0.41855538
0.3968639 0.38049552
0.39270616 0.42711055
0.39305133 0.7780059
0.39529622 0.4273958
0.39343405 0.39441964
0.39859173 0.2563047
0.41001981 0.4400359
0.385441 0.4731866
0.39134714 0.5699847
0.39237222 0.24571796
0.43833134 0.39766845
0.39344785 0.39945436
0.39271656 0.45017964
0.3929507 0.6957879
0.40493244 0.40335134
0.39273512 0.39014032
0.40990886 0.26539606
0.38510776 0.4141363
0.4024998 0.3887619
0.39334008 0.4202468
0.39322457 0.4726988
0.39460593 0.740945
0.39264715 0.39900365
0.38505363 0.104916476
0.39231598 0.46411073
0.39032507 0.44127384
0.38635963 0.31173208
0.39329964 0.40457487
0.40095282 0.39491433
0.39272675 0.42521045
0.39223588 0.56631774
0.3932246 0.6313917
0.39265278 0.25185263
0.39342764 0.37285542
0.39690483 0.44638178
0.3969463 0.50127697
0.39300662 0.40560293
0.39255366 0.44679564
0.4024253 0.37075284
0.40974966 0.4440164
0.38521725 0.35053533
0.40111566 0.4518285
0.39277542 0.39158955
0.38557404 0.45580345
0.39405644 0.45620176
0.40095282 0.38567454
0.3928204 0.40577003
0.40017366 0.2530927
0.39305547 0.38638875
0.3867736 0.147581
0.38550723 0.0700772
0.39509118 0.39313698
0.39334598 0.35954037
0.3853163 0.42316207
0.38513857 0.15843186
0.38516402 0.4764266
0.3929608 0.4222273
0.3925655 0.3860094
0.3948453 0.40892923
0.3955011 0.3362714
0.3926081 0.41661116
0.40431762 0.36937103
0.39148706 0.3808929
0.39114976 0.4075264
0.39198816 0.39551157
0.39221048 0.86430115
0.3928315 0.124446854
0.39995426 0.3827247
0.39260858 0.42639974
0.3975984 0.41194063
0.39312094 0.3919402
0.39406145 0.22599006
0.39240745 0.90032136
0.39189458 0.45215964
0.39314622 0.14379162
0.39334005 0.43188214
0.3931837 0.4292057
0.38562483 0.40532476
0.3965082 0.35789096
0.385049 0.3621128
0.39115882 0.3821017
0.39185712 0.44746232
0.39242944 0.36806706
0.38541198 0.45430568
0.38516402 0.24634333
0.38574636 0.4041658
0.39284733 0.34879747
0.39253947 0.42071173
0.39232793 0.4037971
0.3987579 0.44333047
0.39235887 0.40836447
0.3925199 0.39917648
0.39331484 0.18656427
0.3921314 0.41421756
0.38665706 0.32094812
0.39117968 0.38229713
0.38597506 0.33224273
0.3943583 0.39941195
0.385034 0.4733952
0.38622925 0.42876914
0.3956442 0.4897006
0.41269875 0.43046153
0.3933786 0.43468487
0.3924456 0.38097703
0.38561764 0.46830183
0.39803797 0.5082858
0.40080208 0.40130103
0.38544583 0.4640563
0.39694625 0.3139919
0.38501412 0.42994034
0.40095288 0.11255197
0.385033 0.28138024
0.39293736 0.44843504
0.38509607 0.60069156
0.38546157 0.46368486
0.38722256 0.3710335
0.39487788 0.4334576
0.39376676 0.42158848
0.39345002 0.4046252
0.39718676 0.44059423
0.3951964 0.39786988
0.38560033 0.46775612
0.39011273 0.3618012
0.39284846 0.39303437
0.39755476 0.38074362
0.39324045 0.4263419
0.38594386 0.29870316
0.39856645 0.37060162
0.39221674 0.4091969
0.3902051 0.39653283
0.39244556 0.38701615
0.3979673 0.45517102
0.3968326 0.3992782
0.39336568 0.38438493
0.40081322 0.39073366
0.38957506 0.37018925
0.38659883 0.40688187
0.39738172 0.3825475
0.3891815 0.41494915
0.414145 0.40515193
0.38642496 0.19004281
0.39310908 0.40065947
0.39118204 0.057354633
0.38499233 0.0845144
0.39252186 0.40969253
0.39674494 0.42138383
0.39038295 0.44813305
0.390638 0.30026263
0.4064626 0.30359298
0.3901341 0.22274974
0.38599873 0.49044907
0.39346358 0.43096837
0.3864163 0.3528137
0.3941724 0.43085626
0.39317405 0.2844825
0.39786345 0.4468135
0.3964128 0.58155715
0.39303204 0.5468415
0.38530228 0.39566073
0.40512708 0.29743293
0.3984179 0.4543512
0.4104731 0.3955711
0.39872468 0.39110652
0.394934 0.25778946
0.40263256 0.37296975
0.39301243 0.38786462
0.38652492 0.4225788
0.40080824 0.32027686
0.39286268 0.4003224
0.39660224 0.22599593
0.39277816 0.42387933
0.39240503 0.52031904
0.39239 0.3896448
0.39270884 0.39280522
0.392382 0.3990716
0.3903842 0.17364949
0.39272404 0.41808063
0.39202622 0.5592804
0.3927241 0.4510212
0.3975107 0.32259622
0.39861447 0.44676808
0.38681716 0.4721881
0.3854249 0.44957045
0.39287806 0.40604377
0.39255568 0.34724116
0.39321893 0.44165716
0.49203175 0.64737755
0.38526586 0.44948775
0.3933657 0.41048628
0.39337707 0.29150862
0.39284843 0.40324336
0.39843816 0.501336
0.39242005 0.39580154
0.39268017 0.4048589
0.39237776 0.4241926
0.39249325 0.42757466
0.39841756 0.38514623
0.39302152 0.31756574
0.39351517 0.1616467
0.39416957 0.3513146
0.38704377 0.49124423
0.3929169 0.43169636
0.39738238 0.42697713
0.3926839 0.48427048
0.39248794 0.372181
0.38563365 0.47109365
0.39312115 0.4519307
0.39719683 0.69819593
0.385441 0.46125922
0.3926858 0.37830678
0.4034561 0.4052606
0.3981951 0.27001825
0.40469128 0.23326938
0.40943608 0.45426673
0.40990886 0.55899715
0.3931283 0.36975676
0.3873253 0.42121464
0.3959111 0.45649973
0.39315885 0.41586748
0.385881 0.35040802
0.40300542 0.21960905
0.3969463 0.454584
0.3851561 0.35428935
0.41640466 0.32450578
0.3921279 0.5314639
0.3914877 0.3750133
0.39539868 0.46448466
0.38688797 0.4459015
0.385461 0.40422884
0.39273465 0.6256466
0.38502717 0.47102594
0.39632097 0.42973757
0.39954817 0.45837206
0.3874721 0.4293928
0.38929105 0.19660284
0.39236566 0.32462192
0.39120984 0.44391727
0.39284322 0.37529215
0.4034561 0.42024675
0.3944372 0.2758371
0.38747212 0.41959977
0.4005912 0.68448657
0.39337853 0.41953492
0.3976573 0.4060908
0.3922604 0.40311554
0.39268565 0.39671627
0.39764446 0.41151902
0.3914017 0.4618339
0.4089709 0.41268417
0.39299777 0.39784437
0.38506883 0.42217562
0.39254403 0.33164248
0.38657385 0.32219988
0.39250916 0.32884067
0.3855989 0.45059425
0.3851399 0.3957804
0.38497224 0.48054165
0.40224987 0.42788887
0.4005277 0.44648167
0.3933914 0.36110482
0.38716447 0.14531049
0.38901696 0.41574293
0.3857419 0.47775638
0.39582908 0.34234184
0.39745113 0.4475739
0.39256427 0.3173532
0.39361817 0.33975634
0.3933401 0.424345
0.38541874 0.246993
0.39272413 0.407709
0.38817066 0.40902314
0.39264962 0.39560422
0.38627592 0.48341784
0.39432526 0.42330548
0.39256412 0.4204815
0.39325976 0.41004944
0.38582554 0.33527365
0.40071088 0.35233572
0.38529137 0.5460702
0.3925295 0.43700448
0.39652592 0.4238141
0.39247102 0.39190736
0.3857661 0.40002376
0.4129421 0.45086616
0.38722256 0.34799358
0.3851704 0.26109505
0.39306247 0.37745646
0.39312825 0.92592776
0.39627275 0.3580163
0.38777938 0.35794768
0.3923446 0.41836214
0.39411056 0.40412524
0.39270124 0.4008274
0.39506227 0.38811263
0.39244568 0.38948187
0.38856372 0.47339043
0.39318597 0.28317317
0.39311928 0.40097997
0.39198804 0.3887793
0.39751983 0.26871216
0.3850503 0.47379547
0.39361826 0.40062398
0.39253837 0.41649455
0.39603788 0.40353945
0.3928011 0.40184087
0.3955335 0.42639658
0.3977947 0.4186355
0.3927241 0.38855535
0.41227064 0.36575225
0.4083706 0.4229619
0.39323705 0.43861532
0.3927828 0.3842275
0.39318597 0.4291034
0.41002694 0.377488
0.3929821 0.44925326
0.38735068 0.47036278
0.39229274 0.38478193
0.38520217 0.3266604
0.3879463 0.3892944
0.40161535 0.4606657
0.3925642 0.6635886
0.3934264 0.28511903
0.40712416 0.27956337
0.3924626 0.67480725
0.39299902 0.41056687
0.39350736 0.40427792
0.3928588 0.56847477
0.3929296 0.7189192
0.3859179 0.46958366
0.3851704 0.18432172
0.40893388 0.2440286
0.39338255 0.44643545
0.40070784 0.33426172
0.39272407 0.41932908
0.3905429 0.14760154
0.3863244 0.16915162
0.38524997 0.45414305
0.39067405 0.40655637
0.3862405 0.35575965
0.4008132 0.43691054
0.39272404 0.3924858
0.38556406 0.35593235
0.39898378 0.4112628
0.39840594 0.39371812
0.40465117 0.27559146
0.38878202 0.47668856
0.39246085 0.4439091
0.39349186 0.3213955
0.38644215 0.34484786
0.44734848 0.33898643
0.3923114 0.39764333
0.39264783 0.44902518
0.39217886 0.5375264
0.3923694 0.53344953
0.39346364 0.52429944
0.38504893 0.45990002
0.3929936 0.43059513
0.38497925 0.37901968
0.39238393 0.35551867
0.38887873 0.43309984
0.3923863 0.68334895
0.3911255 0.42846975
0.39408588 0.29936618
0.385362 0.47371128
0.39131084 0.39438823
0.40650296 0.27786013
0.39257267 0.42834464
0.3925202 0.51691556
0.40872335 0.3594106
0.3863641 0.42414504
0.38543302 0.46791682
0.38681263 0.15546677
0.40557313 0.42727253
0.39232692 0.36426088
0.3858292 0.087821476
0.39321157 0.31124598
0.39185715 0.40466636
0.39229304 0.39024514
0.39851362 0.36863092
0.3915422 0.38778353
0.4008132 0.43105483
0.3932561 0.42111957
0.39239442 0.4468363
0.39276507 0.27613148
0.3929743 0.45256522
0.38678986 0.29951093
0.39373857 0.40328223
0.39335224 0.30239135
0.393029 0.3721372
0.38554835 0.15584038
0.39291018 0.3888493
0.39266634 0.5268293
0.39243302 0.42322522
0.39265847 0.2534479
0.39331383 0.40324676
0.38656458 0.12942098
0.4014066 0.34418383
0.39425975 0.44711617
0.39550114 0.42541918
0.3854231 0.45617208
0.39320529 0.4163516
0.40133655 0.41043013
0.3923291 0.4195885
0.39320144 0.39019215
0.39787287 0.43387133
0.38514772 0.18584554
0.39233124 0.5178926
0.4005375 0.33702663
0.3933279 0.45052856
0.38894463 0.42274767
0.3858659 0.65673715
0.3924606 0.36937314
0.39245564 0.32348594
0.40511397 0.34968463
0.3853426 0.0926169
0.40704933 0.44542867
0.38893634 0.42100966
0.39305133 0.28319168
0.3925727 0.39690837
0.3926405 0.32847616
0.3926279 0.6460907
0.3925048 0.3671818
0.3923574 0.43472865
0.39194992 0.41273576
0.39339784 0.43367678
0.3867236 0.3603857
0.3851619 0.3732323
0.4104731 0.3864101
0.3976692 0.41252086
0.398865 0.4406777
0.41274455 0.40798405
0.39499378 0.4427586
0.3930128 0.6653801
0.40528053 0.4800708
0.385383 0.47964442
0.3933708 0.43311477
0.41004783 0.44782135
0.3853763 0.207042
0.39225632 0.36629808
0.40048537 0.4563861
0.3923167 0.43352082
0.38557386 0.21776198
0.39285243 0.38952646
0.38508624 0.472945
0.3851648 0.15654762
0.3941489 0.36794728
0.39231598 0.27769652
0.40081316 0.6983395
0.3911255 0.4709487
0.38506216 0.40809134
0.40084866 0.47507226
0.39846703 0.41793332
0.39288524 0.42303225
0.39678413 0.42690393
0.38531876 0.47319552
0.39273602 0.34119642
0.3891899 0.40307203
0.4439537 0.6247557
0.4132738 0.35116154
0.39595708 0.3518517
0.52921516 0.58028793
0.3928588 0.42649662
0.3939076 0.37800297
0.3931386 0.37002173
0.39664137 0.33129647
0.3872897 0.38143858
0.38501537 0.4660382
0.4329294 0.532388
0.3928154 0.4399666
0.39332464 0.36487374
0.39257404 0.3646877
0.39264718 0.4349741
0.40440413 0.26052243
0.3933793 0.33564124
0.3922041 0.41773593
0.38655764 0.1340666
0.392293 0.44780022
0.39438552 0.3663099
0.3954426 0.26374933
0.38715118 0.14681597
0.38499314 0.6807494
0.385794 0.4506653
0.3926664 0.6340164
0.400802 0.36994165
0.39324197 0.49714348
0.3925558 0.38692957
0.39244074 0.3546366
0.3931861 0.4417854
0.3928793 0.28567845
0.39819664 0.42572317
0.3934636 0.39711085
0.39619917 0.47019884
0.3922423 0.505909
0.40041897 0.38827536
0.3925282 0.3777051
0.39605367 0.43023396
0.38784465 0.43521446
0.38602728 0.15040915
0.39241925 0.36812964
0.3931522 0.4403005
0.39570612 0.404516
0.40039653 0.32470876
0.3895424 0.15720552
0.39299354 0.8541716
0.39253873 0.36465323
0.38599482 0.15365574
0.3857256 0.48896325
0.39490387 0.26844797
0.3925536 0.43253124
0.40080202 0.4115463
0.39468133 0.37264106
0.39265066 0.45016494
0.39430904 0.39749342
0.39765725 0.29999223
0.3933401 0.3484392
0.3925219 0.38539323
0.3934363 0.5496691
0.4004258 0.3118614
0.40550768 0.22352211
0.3929793 0.3964951
0.39337853 0.4130245
0.39328992 0.42133546
0.3933593 0.77570343
0.38697308 0.31778187
0.39473057 0.29660904
0.39313173 0.40246156
0.38508627 0.17525044
0.39295506 0.39450273
0.38534376 0.48681217
0.3925894 0.36545503
0.39859176 0.25474888
0.39213938 0.3881025
0.39570612 0.43123528
0.38537627 0.4879989
0.3850707 0.4844926
0.38878196 0.5449801
0.3872509 0.132783
0.39221683 0.98137224
0.41020232 0.405337
0.3927241 0.46298575
0.385102 0.21697973
0.39396393 0.3585905
0.39332792 0.39998868
0.38863644 0.37277317
0.39210248 0.40441522
0.39509496 0.38818702
0.3928781 0.6600887
0.38965523 0.37718883
0.38863647 0.30947754
0.3860749 0.4105193
0.39859176 0.36983284
0.39335102 0.34774172
0.38507494 0.49046412
0.40591598 0.6815533
0.3958549 0.3810952
0.39048404 0.40838033
0.38638464 0.46151644
0.4114194 0.4386526
0.38650715 0.40787542
0.42917106 0.6563799
0.3921788 0.38596028
0.3925705 0.2610542
0.39221704 0.45563528
0.3923996 0.40093437
0.3852527 0.4356696
0.38863662 0.4088891
0.38546735 0.3216779
0.39274594 0.39219603
0.39241177 0.37495542
0.41134393 0.3877128
0.3922931 0.39586323
0.3851704 0.43372393
0.3916564 0.3738303
0.38619477 0.44363943
0.39026654 0.20593771
0.38603345 0.4746352
0.39683256 0.42261294
0.39236298 0.41822582
0.3922423 0.45015955
0.3967501 0.41396183
0.3928052 0.35963178
0.39245832 0.4226828
0.392363 0.34140012
0.39267272 0.4244549
0.40302885 0.39901188
0.39200127 0.32031995
0.39256456 0.40506625
0.3926526 0.44207525
0.38509336 0.06415802
0.4001504 0.35902837
0.40095282 0.47570553
0.40910497 0.35700727
0.3917134 0.017988859
0.39774382 0.42769444
0.41284564 0.3633044
0.3930833 0.3840107
0.38997084 0.18805741
0.39697003 0.3845851
0.39282554 0.39485222
0.3924914 0.37632385
0.38596514 0.07709463
0.40789598 0.23264773
0.3921216 0.4173505
0.40022358 0.41292298
0.3924287 0.36254275
0.39290884 0.38239273
0.39838126 0.42400098
0.39339843 0.35713404
0.38503855 0.47944057
0.3933364 0.16718474
0.39183843 0.10385225
0.3928737 0.38747644
0.3861622 0.46401817
0.39236876 0.4073233
0.39241895 0.41758028
0.40118295 0.41373953
0.4201905 0.27490926
0.3880478 0.43115297
0.38579977 0.21206114
0.39272332 0.24983446
0.39140177 0.40367988
0.3927369 0.42046615
0.3985328 0.4215419
0.3972449 0.44726232
0.38610265 0.46189266
0.39254457 0.4262921
0.39221686 0.36840612
0.393448 0.2997213
0.39294043 0.41074744
0.39223474 0.40658244
0.40340215 0.39478758
0.40095285 0.4077908
0.400419 0.40672377
0.4200011 0.2746646
0.38706905 0.41692376
0.38783762 0.38259232
0.4005729 0.32913432
0.39290372 0.41308573
0.39227623 0.48577204
0.38549504 0.45805183
0.41134754 0.44810152
0.39319846 0.26177025
0.38513047 0.24005224
0.39262784 0.32914466
0.41346085 0.39450833
0.38550577 0.3444333
0.39176896 0.4029833
0.38593572 0.47523072
0.39274335 0.40946192
0.39321688 0.34441453
0.3931754 0.3891695
0.3925234 0.5964166
0.3936182 0.4311409
0.38507485 0.02779074
0.39305133 0.43500465
0.39325976 0.3367892
0.40052775 0.4528417
0.3923521 0.37948552
0.38662568 0.14116393
0.39411497 0.21116823
0.46404302 0.54924667
0.3928773 0.3752016
0.41646126 0.38558295
0.39344868 0.33413178
0.40041903 0.4377313
0.3990699 0.3882006
0.38716513 0.4032168
0.3854459 0.4754742
0.3901127 0.20605047
0.39459184 0.34360707
0.3929037 0.23873624
0.3849988 0.42393345
0.39768556 0.38136002
0.3922042 0.4080339
0.40593722 0.3547649
0.40178993 0.46264032
0.3921787 0.41051346
0.39246875 0.44215044
0.39254752 0.4022019
0.39345 0.40297523
0.3928973 0.37933156
0.3931956 0.40882933
0.38570672 0.1780707
0.39239386 0.32927603
0.39326304 0.56763947
0.3934636 0.37629116
0.3936273 0.38707918
0.38761762 0.40226728
0.3929743 0.37238798
0.39374706 0.20839196
0.38738632 0.35669726
0.39272413 0.3806045
0.39268565 0.4220426
0.3854728 0.46726435
0.3860969 0.23615898
0.40384072 0.39835072
0.40740192 0.35903895
0.3935751 0.434485
0.40182072 0.424731
0.39305124 0.37267762
0.41023535 0.369927
0.38644964 0.4030142
0.39316684 0.73532397
0.3928524 0.4063705
0.3853763 0.20533465
0.39143723 0.360201
0.39331436 0.36111635
0.39712092 0.27429724
0.3858087 0.354515
0.39343917 0.39741218
0.39261654 0.36956313
0.39323226 0.40310365
0.39306533 0.44305804
0.38518104 0.40560544
0.39096516 0.42497066
0.39283103 0.3333896
0.39322242 0.40945795
0.3978911 0.3056331
0.38811365 0.38468263
0.39949313 0.37012076
0.39248794 0.3637442
0.41022497 0.39093545
0.39231855 0.36837137
0.4143618 0.39540505
0.3857668 0.45432392
0.4058721 0.36687997
0.38900033 0.46862796
0.39254093 0.40662447
0.39276806 0.4231952
0.38498813 0.15871562
0.3924139 0.43052158
0.39227617 0.40952155
0.40301847 0.39218262
0.38673618 0.1781868
0.40340358 0.42736328
0.39287347 0.47542167
0.39282677 0.39530566
0.3855073 0.4889149
0.40638506 0.4022823
0.3928011 0.4388327
0.3988594 0.33724043
0.39785728 0.19936435
0.39287812 0.26022238
0.38529137 0.08416342
0.3927609 0.3461052
0.39151496 0.017983189
0.3967041 0.5776648
0.3929109 0.33728024
0.3988812 0.25404775
0.3992557 0.43554753
0.38705572 0.28024328
0.39529422 0.4321055
0.3938062 0.4152349
0.39710748 0.43388197
0.39231855 0.43117076
0.39694625 0.40031844
0.39243293 0.4165548
0.40170312 0.45508614
0.39330205 0.4201282
0.3947838 0.39050415
0.39742643 0.40419495
0.39236948 0.39060438
0.3881446 0.42241964
0.38677573 0.1902387
0.41327393 0.49024758
0.3856315 0.15763834
0.39294618 0.4554746
0.40382487 0.4553084
0.39285192 0.3668255
0.40897098 0.47136566
0.38531363 0.48045582
0.3984419 0.40755048
0.41004777 0.40662917
0.396567 0.30138102
0.3989937 0.38757506
0.39255995 0.6055154
0.39243796 0.39810684
0.40345603 0.38965175
0.3898008 0.40629464
0.3931516 0.40132812
0.38724792 0.43883255
0.3857256 0.28404725
0.39225078 0.53555006
0.3933737 0.37096906
0.39581555 0.27915433
0.39359546 0.3909377
0.4008132 0.43314734
0.39324817 0.35529992
0.38560385 0.18073556
0.39315325 0.33405972
0.3929341 0.4060163
0.38520223 0.46084598
0.386202 0.3588505
0.3928973 0.81155634
0.39548558 0.2593157
0.39983544 0.3862279
0.38545054 0.4737078
0.39342237 0.2597612
0.3975995 0.42797586
0.38516003 0.4196382
0.39242667 0.3836792
0.39273465 0.18943259
0.39760575 0.41654283
0.39287806 0.42833316
0.39237577 0.44801873
0.3922618 0.41942897
0.39337927 0.3761463
0.3929489 0.3213415
0.385001 0.3386617
0.39312828 0.42918307
0.3957061 0.63015425
0.3934636 0.39938158
0.39740884 0.38561553
0.40011033 0.11346802
0.39416116 0.5108882
0.38576895 0.21010649
0.39837712 0.4034235
0.39334005 0.43992662
0.3909465 0.3707211
0.39553607 0.41378075
0.3928758 0.41636935
0.39324388 0.6137525
0.39350906 0.39457873
0.38572556 0.45461407
0.38509792 0.4406776
0.39380622 0.42556545
0.3920059 0.36805266
0.39318597 0.3614084
0.401222 0.41437015
0.3866519 0.1537106
0.38575622 0.24292283
0.39278048 0.42060804
0.39861867 0.40663624
0.39570606 0.42454523
0.3877408 0.39087498
0.38555732 0.4509232
0.3850186 0.37792248
0.39351517 0.43989095
0.38577634 0.4774896
0.38834533 0.3048542
0.38711897 0.1471126
0.38741174 0.44894716
0.39442295 0.32665476
0.5393567 0.5272955
0.39324003 0.1816236
0.39305776 0.3834938
0.39447638 0.6670045
0.39347103 0.37086836
0.3860851 0.17886448
0.4130516 0.3200099
0.40196973 0.4016928
0.40108132 0.32144633
0.39276737 0.262521
0.3935696 0.28514513
0.3932536 0.41394016
0.389809 0.30821645
0.38532954 0.38769165
0.39245838 0.39378187
0.4096225 0.39040825
0.39141226 0.43262595
0.38549513 0.39388287
0.39264783 0.404718
0.39342332 0.28821346
0.39168122 0.32393888
0.3932158 0.35943326
0.38544095 0.49656284
0.3921948 0.3602383
0.38628423 0.42760196
0.3933401 0.35695723
0.39342886 0.40505624
0.39626658 0.27623704
0.3969443 0.4027242
0.38501817 0.39302668
0.39339143 0.43906426
0.41195738 0.43987867
0.3928396 0.42965218
0.38513464 0.08324473
0.39308387 0.31318823
0.38515136 0.4356234
0.39756006 0.3496865
0.38500398 0.37671056
0.38528183 0.46761248
0.39318606 0.42052794
0.39223123 0.33688402
0.39233118 0.45043907
0.38852 0.37097663
0.38702118 0.20994827
0.38577893 0.49241307
0.39240333 0.38070777
0.40864336 0.42612997
0.38665697 0.49006504
0.39710748 0.4318719
0.38626105 0.41120163
0.40084156 0.4326009
0.38925248 0.42553568
0.39298776 0.33662027
0.3985328 0.25843826
0.39239478 0.45690435
0.40596333 0.41134217
0.38881814 0.4149581
0.38507468 0.36763373
0.3977238 0.42338052
0.38676447 0.43865022
0.38532954 0.41623807
0.38503665 0.096964404
0.38512215 0.35734135
0.393005 0.29938075
0.38693163 0.41359538
0.38992634 0.38293627
0.39345258 0.44231805
0.39288646 0.25565326
0.3925388 0.40785256
0.39301282 0.42737412
0.39243925 0.3846413
0.3868788 0.18936591
0.39299026 0.3315225
0.39706382 0.35618836
0.38649067 0.14623721
0.3930167 0.34861818
0.39249644 0.37890756
0.39766124 0.37629512
0.3932822 0.6077853
0.39321113 0.3436481
0.39298385 0.39078838
0.41161168 0.28251585
0.39186394 0.4172683
0.39284843 0.39031315
0.39280075 0.39771345
0.39228037 0.36646828
0.3933913 0.42609024
0.3929243 0.38389203
0.42378196 0.28086036
0.391205 0.3984317
0.3852659 0.019780096
0.38878196 0.65619546
0.39222318 0.38230804
0.39159477 0.42798495
0.3928154 0.43234372
0.3994931 0.4819111
0.385207 0.3600139
0.39349037 0.46219966
0.39559963 0.36167327
0.39238048 0.42455867
0.39337856 0.42504486
0.39281538 0.16266635
0.385583 0.47092143
0.38510674 0.43487927
0.39284843 0.42870983
0.3858473 0.46917006
0.3868648 0.12702666
0.39241588 0.6388574
0.39245197 0.3928516
0.39118809 0.37299988
0.39246774 0.4351503
0.38916457 0.32928523
0.38536477 0.3549973
0.38610268 0.30374372
0.39272404 0.3565481
0.3932009 0.36439064
0.4053763 0.35611817
0.3927062 0.45151988
0.40081316 0.42119226
0.39274675 0.40488666
0.42980307 0.39073184
0.39284727 0.35330763
0.38543564 0.33113077
0.3927062 0.40072948
0.3929166 0.3625403
0.38538527 0.46304435
0.4015302 0.433485
0.39293584 0.4053077
0.39935023 0.39942682
0.39816913 0.43043333
0.39199826 0.37846953
0.38535318 0.096813805
0.39841786 0.40683216
0.3984588 0.41712058
0.39268562 0.4394915
0.39301664 0.2890226
0.3850209 0.41771677
0.39398792 0.20441763
0.39670447 0.40124384
0.3930458 0.44403344
0.3955236 0.35643956
0.3933554 0.37273517
0.3985918 0.4203402
0.3923809 0.547931
0.38515273 0.32252795
0.39341697 0.38634467
0.39757478 0.35199577
0.38980082 0.42020014
0.38607806 0.49823532
0.39319167 0.43642786
0.39230168 0.41243005
0.39309368 0.37991095
0.39257345 0.3174007
0.386037 0.20015927
0.39601347 0.39552513
0.39252827 0.29071805
0.38532957 0.46587065
0.38899192 0.44325128
0.3984271 0.40753916
0.3931331 0.405432
0.396321 0.5405129
0.3940133 0.4487061
0.3933593 0.4333353
0.39250532 0.3161687
0.39246473 0.3617512
0.38633907 0.1348537
0.39170405 0.4500325
0.39346388 0.45285383
0.390074 0.09838675
0.39266253 0.39400005
0.39320102 0.40641314
0.38520223 0.03122728
0.3934174 0.33402523
0.40080202 0.42246714
0.4296217 0.35983568
0.39526686 0.3932944
0.38878202 0.39893153
0.38938242 0.413241
0.39239484 0.4033127
0.39449674 0.41894484
0.38548875 0.38900095
0.38504308 0.44975016
0.39983547 0.45440388
0.38547373 0.4896171
0.39252198 0.4222952
0.38597745 0.48162216
0.38568816 0.03383621
0.3977392 0.4136134
0.3950913 0.37325042
0.3951131 0.35942778
0.39570615 0.4049063
0.3928678 0.28313038
0.40095285 0.46026665
0.3968326 0.6600553
0.39284843 0.43644422
0.39252186 0.4008856
0.3945849 0.36541748
0.3971251 0.44009176
0.39323738 0.4145704
0.38582265 0.45777735
0.3874721 0.40678686
0.39336792 0.4067622
0.39252192 0.42340836
0.38551754 0.4032982
0.419647 0.32833093
0.38732362 0.47607833
0.41267145 0.4265508
0.3925515 0.4153954
0.39841786 0.42432803
0.40079457 0.31436813
0.39565852 0.6686487
0.3927884 0.55520266
0.39843482 0.3728789
0.38761765 0.35690522
0.3972076 0.3983318
0.3859641 0.38966525
0.39217043 0.40956149
0.4139688 0.4551775
0.3849748 0.37667766
0.3859967 0.45609784
0.39337856 0.6529669
0.38598138 0.46261322
0.3984421 0.3619171
0.39124745 0.39856958
0.39306536 0.4167573
0.3854251 0.08741674
0.4054135 0.45483938
0.40704933 0.23544812
0.39114013 0.23630711
0.39221847 0.39727548
0.39337984 0.27360758
0.3929427 0.33534858
0.3863244 0.16993944
0.39341712 0.33775705
0.39615577 0.4055551
0.39270487 0.42138818
0.3930715 0.3839895
0.39204526 0.4207444
0.41026378 0.30378884
0.39314836 0.42917314
0.3881271 0.44955286
0.43281293 0.578704
0.3904965 0.25248086
0.40095282 0.4071042
0.40537435 0.38436767
0.3915934 0.45087394
0.3930608 0.34392536
0.39237946 0.421251
0.3905285 0.1957442
0.39307415 0.43396878
0.39305073 0.36106384
0.39231056 0.35047197
0.39283803 0.29388416
0.39707994 0.37798467
0.39259577 0.3345186
0.3933279 0.43374783
0.3923756 0.41630957
0.39655268 0.23013905
0.3928221 0.40466124
0.39061585 0.36676246
0.39983547 0.4039952
0.3986598 0.35944766
0.39284733 0.33752915
0.3947838 0.42458534
0.414258 0.41539755
0.393017 0.29954743
0.38513857 0.44863582
0.39744532 0.41414294
0.39772373 0.34520316
0.38573098 0.4794985
0.40929917 0.45631903
0.3857019 0.13727061
0.39295483 0.28326806
0.38560218 0.40981647
0.39310256 0.41943172
0.39304295 0.30908033
0.38615763 0.20008396
0.3934437 0.3991731
0.39252347 0.3729116
0.38863644 0.46490037
0.39313966 0.35766646
0.40081692 0.41674063
0.39228463 0.3517156
0.4104731 0.41189358
0.38645065 0.15516263
0.40171915 0.40759242
0.38516402 0.20022044
0.3923602 0.40732524
0.39265874 0.39128667
0.39278573 0.35260814
0.39281544 0.42787638
0.39299747 0.3951998
0.3868899 0.70461917
0.3940133 0.38925302
0.38613847 0.20776339
0.38505045 0.47558266
0.39386356 0.39021623
0.3993502 0.28542748
0.39292958 0.4252966
0.41022497 0.33075777
0.3929029 0.33945292
0.3928011 0.3591453
0.39259812 0.2546725
0.39341703 0.45422244
0.3933034 0.41205543
0.38965523 0.43551075
0.49244148 0.5178269
0.39733422 0.62494004
0.39703876 0.60685533
0.39736384 0.35424086
0.39131445 0.40846723
0.39252192 0.36870202
0.3931603 0.48032776
0.40117204 0.40711197
0.3927048 0.4256391
0.39614022 0.24717386
0.4096225 0.41853783
0.3928396 0.34341276
0.3927062 0.23887976
0.39733195 0.4345348
0.40095282 0.42142636
0.4096728 0.35591727
0.39257944 0.41757405
0.39253077 0.2627931
0.38708398 0.4102191
0.38639945 0.3806643
0.3912562 0.39791325
0.3923853 0.5340775
0.38513857 0.27491853
0.4081354 0.2871665
0.39251184 0.4382967
0.38606763 0.22344984
0.3853565 0.48315662
0.39236295 0.3755044
0.3928154 0.48003474
0.38863644 0.4110356
0.39247245 0.36821234
0.39274335 0.42808145
0.3997711 0.39125365
0.3925662 0.3933783
0.3925346 0.41163033
0.39233762 0.32427058
0.4008044 0.38702273
0.39316687 0.36856455
0.38952953 0.16142784
0.39411724 0.36296797
0.39221692 0.520323
0.38630775 0.4831974
0.40704936 0.118661955
0.39331484 0.44622764
0.39344272 0.35627353
0.4022499 0.4094465
0.39935175 0.22991565
0.38617265 0.37210912
0.393263 0.6328284
0.3934945 0.38175276
0.39426905 0.3564218
0.3928956 0.43383557
0.39076757 0.4035095
0.39256176 0.41666985
0.39314836 0.40607262
0.3957061 0.41901883
0.3924225 0.40263125
0.39888138 0.42819974
0.46062434 0.3798116
0.386657 0.10825581
0.39243922 0.57071435
0.39257392 0.24932243
0.3924783 0.2925662
0.38648912 0.34630534
0.3859514 0.59759074
0.3922161 0.21999116
0.3927395 0.29910502
0.38619933 0.15133986
0.40706688 0.374194
0.39339778 0.41250932
0.39049125 0.4076547
0.3933593 0.42472795
0.38852364 0.39828572
0.39265877 0.41196057
0.39250907 0.29236275
0.40146154 0.3605239
0.3975748 0.33192968
0.38677573 0.1427055
0.39318603 0.25363234
0.39217457 0.3758368
0.40010136 0.40621832
0.38659883 0.40451592
0.39484924 0.4014178
0.39332855 0.3676482
0.3922359 0.5322942
0.3916812 0.43815616
0.3984179 0.38304958
0.39249647 0.3721881
0.39233118 0.40843624
0.3968326 0.44037557
0.40375447 0.42934126
0.39333212 0.41895774
0.39257267 0.36575848
0.3927853 0.44819322
0.51827407 0.5949923
0.39287427 0.3689403
0.39300025 0.39556268
0.4170825 0.22981259
0.39318603 0.3600375
0.38536143 0.45902815
0.3930962 0.39695126
0.39330152 0.7140966
0.3855511 0.45094985
0.38514125 0.41678065
0.39120984 0.47414336
0.3858255 0.46028668
0.3980582 0.354255
0.38715184 0.40554798
0.39223373 0.41692975
0.3966264 0.7758667
0.39408487 0.39634037
0.39853278 0.4124187
0.3984894 0.35903063
0.39230862 0.38489696
0.39244086 0.015827898
0.3933208 0.8747683
0.38509613 0.11064745
0.39844856 0.3809609
0.39694628 0.44623795
0.39299083 0.43746984
0.38513857 0.4698834
0.41087484 0.38241866
0.3941571 0.40895298
0.39256632 0.43842515
0.39224863 0.5435065
0.38617957 0.20812973
0.39303103 0.3603113
0.39241382 0.39774328
0.39273128 0.38429075
0.40338677 0.77006537
0.38519606 0.46225843
0.3883915 0.4996729
0.38781202 0.3916859
0.39679977 0.32511947
0.38564074 0.43037722
0.38500112 0.4476303
0.3918571 0.121225335
0.38617092 0.21645495
0.39114973 0.40646616
0.393417 0.43080452
0.3873961 0.4743045
0.40330762 0.40278846
0.3851895 0.32917625
0.38584706 0.27968532
0.39267784 0.40614378
0.400419 0.4384728
0.3863814 0.15372391
0.39853275 0.42253244
0.4021638 0.26709
0.3886947 0.38894758
0.39307776 0.25769985
0.40667522 0.44404963
0.4281019 0.65583634
0.39291018 0.3889077
0.39326304 0.43478027
0.39306286 0.49313754
0.39255366 0.4401272
0.39223605 0.41217068
0.3929551 0.5366168
0.39323226 0.3886794
0.39765728 0.39788133
0.3931769 0.43566534
0.39339775 0.23431356
0.39326304 0.4258081
0.39257038 0.33815765
0.3877408 0.43521738
0.3872538 0.46282944
0.39289728 0.6056333
0.39343244 0.23262222
0.3937175 0.41684115
0.39724487 0.4168389
0.39882976 0.19786769
0.41020235 0.43631956
0.3892806 0.28389555
0.387726 0.49784416
0.39243925 0.4256898
0.3855483 0.48030305
0.39247417 0.37780207
0.39642477 0.23565519
0.38677347 0.4275078
0.38562143 0.44807842
0.38656333 0.40143228
0.39257273 0.645996
0.38547283 0.1859575
0.39334005 0.2829874
0.39297432 0.5479799
0.39371204 0.39119312
0.400802 0.41520432
0.38972396 0.38215226
0.38511306 0.39773667
0.4011337 0.41166568
0.3855909 0.46572673
0.39326066 0.4559697
0.39294085 0.37344417
0.38500646 0.348936
0.39547113 0.38252637
0.39327845 0.34993312
0.43749577 0.51988727
0.39298493 0.4242642
0.39248663 0.34706473
0.38520217 0.36527902
0.39468136 0.40033984
0.39404383 0.44297156
0.39313984 0.43121353
0.41227067 0.42899606
0.40300724 0.42051014
0.38572556 0.4121869
0.39283663 0.40110147
0.39886868 0.39544436
0.39315313 0.44950154
0.3865646 0.1342708
0.38698912 0.14901893
0.39221674 0.4165382
0.3853215 0.19376925
0.38605303 0.46412307
0.40345606 0.66694874
0.39266637 0.40126225
0.39222956 0.56010085
0.39335924 0.51382715
0.39297432 0.5727896
0.3850749 0.48357776
0.40572077 0.40028834
0.39632094 0.36552438
0.40816948 0.4007748
0.39331618 0.63520503
0.39234394 0.4238247
0.38679558 0.20027421
0.39268282 0.24939941
0.40771145 0.399714
0.39416116 0.39939043
0.39983547 0.42607328
0.38577965 0.36787823
0.39243302 0.356396
0.39031023 0.44703922
0.39356196 0.38427505
0.39915878 0.39255217
0.39341703 0.42424423
0.4031867 0.34275115
0.39327586 0.4162444
0.38787398 0.42719668
0.39416116 0.23948401
0.39274976 0.4169563
0.39447638 0.32532695
0.3985328 0.32033888
0.3941611 0.42228755
0.39290306 0.39482003
0.39141226 0.39300913
0.38661706 0.36125025
0.39432192 0.28758872
0.393452 0.35125715
0.38925248 0.42121547
0.38520217 0.4824513
0.45377275 0.6559481
0.39509127 0.24985187
0.38707298 0.432127
0.40647095 0.4194363
0.38921857 0.70298
0.39691508 0.34691262
0.388057 0.45878044
0.39144763 0.26264304
0.39330158 0.25419518
0.39267063 0.37029934
0.39259225 0.40186208
0.38599876 0.46472538
0.3968326 0.41416928
0.3927626 0.42116612
0.40095282 0.50356275
0.39845675 0.3912946
0.40095285 0.4276897
0.38594672 0.47242582
0.39703876 0.8171586
0.39253443 0.9069318
0.42072433 0.19886592
0.38607484 0.3977125
0.38528895 0.43518162
0.39303276 0.41682312
0.52327263 0.56889683
0.38655305 0.49639317
0.4136197 0.5039636
0.3922336 0.39195126
0.38623923 0.3086899
0.39254653 0.48602918
0.40942895 0.3709422
0.39287338 0.4240005
0.3930087 0.41534972
0.39262792 0.4345865
0.38513857 0.23722447
0.3924647 0.38518882
0.39307055 0.8762723
0.40957463 0.44359663
0.39421415 0.3836261
0.39191175 0.4188095
0.42851096 0.42425525
0.39322454 0.8444792
0.3928154 0.3662253
0.38659883 0.4763049
0.40080202 0.45250058
0.39312828 0.4499796
0.3877656 0.5601748
0.38790873 0.6669281
0.39332378 0.32760864
0.39504683 0.3596104
0.3924076 0.41912547
0.39306346 0.3782137
0.3853063 0.42253953
0.39322755 0.30810434
0.39228046 0.54802877
0.3928154 0.4285114
0.38508657 0.44963887
0.39291722 0.5362976
0.39308977 0.40900326
0.3935152 0.44356167
0.39256003 0.39440814
0.4059376 0.4437306
0.3858003 0.47064748
0.39337245 0.5769162
0.39240116 0.5145753
0.39344227 0.39812022
0.40169108 0.42557022
0.4005912 0.43470228
0.3932437 0.41439435
0.39215958 0.39302856
0.3922168 0.36605096
0.3917047 0.3987646
0.3933484 0.38055345
0.41393334 0.37446058
0.39164913 0.4088604
0.3924138 0.3973771
0.3942592 0.8311645
0.39427948 0.38283068
0.3911255 0.4522083
0.40563226 0.42827573
0.3974824 0.2606885
0.3999509 0.3700757
0.39790717 0.42393202
0.39295232 0.26632512
0.40391755 0.3291455
0.3860411 0.14534047
0.39100024 0.40590298
0.39245594 0.40183064
0.39272416 0.41604722
0.39226782 0.413307
0.39255422 0.40334308
0.3852659 0.47273043
0.39274502 0.37142554
0.39222956 0.98998487
0.39430904 0.42711496
0.39706168 0.35887125
0.3927241 0.89623755
0.38952076 0.3672024
0.39389437 0.41740137
0.39274114 0.7531019
0.39325553 0.39278737
0.3921851 0.39307445
0.3929743 0.4221678
0.3941611 0.42844912
0.3852659 0.40256897
0.3932189 0.36442092
0.3983113 0.3964054
0.4141953 0.4270398
0.39872324 0.4058208
0.40081316 0.4312043
0.3850684 0.49654803
0.39316732 0.44240624
0.39339775 0.43417522
0.39307058 0.85453665
0.38871333 0.38704303
0.39119953 0.26677027
0.385328 0.46889308
0.392789 0.3773548
0.39250916 0.6639017
0.3931405 0.4092127
0.44235912 0.5425369
0.39318642 0.40903908
0.3865562 0.47567815
0.3929037 0.3389984
0.40759107 0.21912804
0.41047314 0.41190773
0.40651292 0.41332546
0.40226427 0.3631802
0.38829425 0.43939796
0.38656038 0.13354443
0.40800992 0.26924786
0.3859641 0.44800887
0.38519144 0.12203144
0.3895679 0.41032875
0.4016667 0.41276908
0.38531363 0.12917112
0.39745104 0.4242839
0.39509124 0.45815182
0.39240327 0.3277312
0.4004853 0.44735163
0.40326422 0.3614841
0.3922677 0.38974375
0.39326307 0.4210628
0.38539323 0.47857308
0.3852659 0.4713648
0.38524997 0.467796
0.39846116 0.4092291
0.3925346 0.42867646
0.3926317 0.5005357
0.39380616 0.41770992
0.3851704 0.45201203
0.3925184 0.32161313
0.3892186 0.34036264
0.3859641 0.15211703
0.3851863 0.4573746
0.3853976 0.4544165
0.3915336 0.42734802
0.392823 0.43624005
0.3929487 0.44670156
0.39872324 0.25523105
0.3939851 0.36798772
0.39238635 0.53122413
0.38676783 0.18523769
0.38521415 0.46830618
0.4100688 0.43679383
0.39335927 0.6097047
0.3930321 0.40392268
0.4089566 0.30752632
0.3942546 0.43826163
0.3853439 0.44932145
0.39289516 0.45446452
0.39278266 0.3383568
0.3940877 0.4157209
0.39050156 0.42742866
0.39724493 0.5435331
0.38520223 0.46758774
0.3951718 0.3941121
0.39238846 0.46041888
0.3934217 0.4062127
0.39459935 0.29915112
0.39340362 0.36837447
0.4127714 0.28507382
0.3886374 0.4336415
0.39200082 0.40635678
0.39233822 0.34919304
0.38529998 0.47585905
0.39326304 0.35126656
0.39342096 0.37036115
0.39582908 0.4300239
0.4053493 0.4299469
0.3884126 0.434254
0.39638397 0.3163165
0.39354098 0.5788321
0.40184653 0.25238886
0.39396393 0.3795676
0.38557738 0.041261993
0.39286867 0.33849883
0.39765728 0.37758216
0.39291662 0.38787097
0.39303207 0.36227927
0.38550532 0.40229037
0.38509083 0.46077254
0.40041894 0.74347055
0.3852871 0.31258178
0.39290023 0.16943608
0.39107996 0.39840293
0.39550117 0.4105911
0.3921012 0.45036936
0.4063213 0.37316275
0.39351067 0.39130473
0.41001987 0.38886365
0.39343244 0.38740012
0.39301288 0.42394185
0.39600116 0.37546152
0.39764568 0.3644275
0.39724493 0.42646
0.39239478 0.41449428
0.3930629 0.42619875
0.39244208 0.41273877
0.39683264 0.41611496
0.39239067 0.61224425
0.39286816 0.41866276
0.39242017 0.921967
0.38512027 0.12682202
0.393314 0.3764815
0.39237222 0.3935611
0.39332792 0.452416
0.38527304 0.46136037
0.39678675 0.41415858
0.39311954 0.3523716
0.38585633 0.4073489
0.3863595 0.14994024
0.39330155 0.39970475
0.3929618 0.40270194
0.38511083 0.40627638
0.39327848 0.41250008
0.39829576 0.41454306
0.3946813 0.38155982
0.40081313 0.40476483
0.39288953 0.41043085
0.3927213 0.4243546
0.40897095 0.45065376
0.39231217 0.38267797
0.39237565 0.37090307
0.38980073 0.34085438
0.39529622 0.35143262
0.39326304 0.39096284
0.38521814 0.46955156
0.38593465 0.08883126
0.39632094 0.4107188
0.3924964 0.5166139
0.39964142 0.35659266
0.3945397 0.42363468
0.39664495 0.37700698
0.4086619 0.25526804
0.39435834 0.40321386
0.4008132 0.7403882
0.392316 0.64800906
0.39289737 0.7582254
0.39288154 0.32601804
0.39290375 0.35595033
0.39278522 0.37605718
0.39677197 0.40516394
0.40402228 0.43764225
0.414258 0.36335558
0.38790876 0.44241175
0.39266393 0.34891495
0.39250472 0.41466916
0.39451373 0.40633237
0.39263612 0.41727325
0.3932189 0.36447188
0.39845884 0.3785452
0.402283 0.36949804
0.3932374 0.43093506
0.3961336 0.163958
0.39429078 0.38924563
0.39221182 0.36566168
0.4013794 0.19530849
0.39280733 0.283461
0.3985328 0.41889074
0.39930105 0.4051828
0.3932374 0.3780424
0.39331988 0.33054283
0.41642004 0.41988128
0.38781324 0.43501836
0.39332464 0.3980852
0.39283967 0.63034034
0.3983934 0.28195196
0.38641143 0.17270426
0.4535075 0.7234115
0.394309 0.44173056
0.38610268 0.41770923
0.3941612 0.40713775
0.39101523 0.42655513
0.39692658 0.35181078
0.39256418 0.30822465
0.39251554 0.4142859
0.39278942 0.3401807
0.393164 0.457575
0.39100453 0.2640992
0.39237598 0.4076416
0.3851704 0.48920918
0.3931576 0.40799412
0.39256915 0.34202212
0.39330155 0.41755486
0.39231855 0.41084304
0.38543278 0.48468912
0.39621815 0.4051235
0.3978928 0.3664839
0.39305544 0.37988168
0.38834533 0.39318618
0.39282572 0.18063927
0.39330447 0.48800665
0.39632094 0.43032366
0.39371753 0.42257273
0.4050638 0.2750036
0.3933593 0.423744
0.3932598 0.36088878
0.3932149 0.3794625
0.39238626 0.34755033
0.38523728 0.116695926
0.39416113 0.41056672
0.38560382 0.43201366
0.39703393 0.42897648
0.40131417 0.20482205
0.3935229 0.35777587
0.3924837 0.4403282
0.4113654 0.38063645
0.39262784 0.37628567
0.39213824 0.37412968
0.39294046 0.35496634
0.39322984 0.37740618
0.39257613 0.39731604
0.39240327 0.3597484
0.39266044 0.25413382
0.3854336 0.5600668
0.3921495 0.42085627
0.3986774 0.24559969
0.40852803 0.3675726
0.39840594 0.31443334
0.3927783 0.40198848
0.39338627 0.42927253
0.3929506 0.37542894
0.3898008 0.34992433
0.40057343 0.18252158
0.39793432 0.43788877
0.3899172 0.40226823
0.39280114 0.38815892
0.40638506 0.6531651
0.3867097 0.36025795
0.39289504 0.48467925
0.385383 0.38790593
0.39314154 0.26509744
0.38856366 0.46847558
0.38508928 0.45699167
0.3926214 0.36280426
0.38588417 0.4582132
0.38714465 0.40388846
0.39238214 0.37372157
0.39297843 0.41070443
0.39652598 0.44764417
0.38687283 0.42619902
0.40880173 0.45309946
0.39961475 0.16289304
0.39286527 0.4228842
0.38790876 0.4267813
0.39312735 0.28918985
0.40441376 0.35116398
0.4100198 0.40745124
0.3932091 0.39160597
0.39310908 0.48662624
0.41001981 0.40598077
0.39290243 0.18261194
0.3851704 0.48132965
0.3948602 0.39435586
0.39242867 0.38574132
0.3905411 0.4293788
0.3863601 0.1515338
0.38504308 0.45181316
0.38516405 0.07477769
0.3935409 0.81368476
0.4053052 0.450171
0.385495 0.4927054
0.39842373 0.429305
0.3931283 0.5779625
0.39298072 0.4136504
0.3929881 0.36696735
0.39853275 0.45478064
0.3850112 0.09473867
0.39341703 0.40390408
0.39229947 0.5421464
0.38552845 0.45145175
0.3984179 0.48215374
0.3861671 0.15424861
0.3853635 0.07213236
0.3917718 0.41609585
0.4113438 0.40016633
0.38514656 0.4596207
0.38529775 0.18838635
0.38681135 0.19677243
0.40434182 0.4718249
0.38554814 0.4099393
0.393362 0.39002562
0.40983516 0.4063289
0.39662638 0.4334204
0.3926883 0.39383703
0.3925987 0.40118113
0.38567385 0.4561687
0.38590115 0.41987434
0.40759736 0.45963287
0.3921407 0.34659445
0.39120984 0.48874122
0.39186624 0.4349759
0.39338875 0.27652487
0.3860334 0.29147455
0.39250273 0.3941159
0.3859665 0.47641903
0.39675012 0.42183083
0.4008132 0.42812246
0.38852 0.3695856
0.39239472 0.4766907
0.39165914 0.37859038
0.40095288 0.39115432
0.40726745 0.61119765
0.3933978 0.6530448
0.39247212 0.41855064
0.38572156 0.4899086
0.40138912 0.44777164
0.38514772 0.18590774
0.39606044 0.33491728
0.3961594 0.43755838
0.39256468 0.44278246
0.3919839 0.39490223
0.39252186 0.42194167
0.38582548 0.5029174
0.39429134 0.22141662
0.40770608 0.33123183
0.39148396 0.43543726
0.39276257 0.39193
0.3856523 0.4872393
0.39055598 0.44486785
0.39865986 0.41814294
0.39354095 0.42165288
0.39175147 0.2608413
0.39219993 0.5188837
0.39179808 0.4549502
0.3855382 0.5100732
0.3851863 0.45403337
0.3923186 0.36693385
0.40010136 0.39215192
0.40095282 0.4029286
0.3937175 0.45913568
0.3929358 0.42202774
0.41002694 0.39236525
0.38519216 0.035078358
0.3871228 0.21967886
0.3932598 0.07538076
0.39431027 0.42822197
0.4000119 0.38577986
0.3926857 0.40643224
0.39279014 0.39834487
0.39394903 0.42173454
0.39253208 0.388253
0.39315525 0.36718708
0.39634347 0.32291323
0.39272407 0.37156337
0.38518953 0.24071366
0.39303517 0.48427925
0.38513863 0.24431467
0.3931187 0.4222907
0.39317068 0.39060095
0.39257276 0.44039136
0.3958225 0.26706985
0.3921221 0.439046
0.39223376 0.51034826
0.39589143 0.23128399
0.38507077 0.47644004
0.41002697 0.422464
0.385211 0.3653352
0.3974539 0.16990358
0.3931106 0.37684157
0.39255416 0.32920825
0.39934453 0.412867
0.38673037 0.3763706
0.38549644 0.37391695
0.39254725 0.67079777
0.39694625 0.4331981
0.38528654 0.32842863
0.38554835 0.13997033
0.39385492 0.34593058
0.38518634 0.21569921
0.3931861 0.36648187
0.39321893 0.3866167
0.39221358 0.4264281
0.3854251 0.50324094
0.40751728 0.65145177
0.3930652 0.36486185
0.39360246 0.42111453
0.39983544 0.38418087
0.3924964 0.4024028
0.3932374 0.39505225
0.3934363 0.60974056
0.3933451 0.43593693
0.38513854 0.41113722
0.39873928 0.37608203
0.38546586 0.34196508
0.38569945 0.59875214
0.4310651 0.24436846
0.39238214 0.38487372
0.39298624 0.33381987
0.39509124 0.4366366
0.3930685 0.3769823
0.3930416 0.25286284
0.39319578 0.30733034
0.40789247 0.39129364
0.39241776 0.35447413
0.394137 0.39003074
0.39332905 0.38528344
0.38537627 0.40575644
0.3924393 0.41229412
0.38878202 0.33300045
0.38510206 0.48134592
0.40703765 0.4155454
0.38577896 0.4758483
0.39334738 0.3840261
0.39319998 0.4470007
0.39321172 0.4040641
0.39224863 0.55235344
0.3959918 0.4049266
0.38705504 0.14728668
0.3925568 0.40830734
0.3925249 0.4147034
0.38595533 0.45302683
0.39289176 0.36208832
0.38561764 0.4791902
0.38532954 0.14970222
0.38692558 0.6031046
0.39765728 0.30940425
0.400802 0.23422702
0.39295667 0.28901187
0.39256546 0.37653792
0.39443845 0.3087336
0.39935493 0.4443501
0.39340088 0.4286262
0.41047308 0.46616444
0.39313984 0.3887972
0.39529616 0.41975844
0.39316037 0.22520205
0.39725432 0.43341368
0.40627772 0.6926162
0.3973431 0.38487408
0.39287806 0.4219335
0.3973199 0.39708582
0.40635437 0.2879561
0.39694625 0.40408495
0.39289504 0.3738754
0.39336565 0.4037332
0.39038295 0.43752185
0.39388078 0.41935208
0.3929749 0.37752047
0.41434023 0.4381907
0.3932015 0.41098183
0.3874721 0.4700352
0.3928953 0.15835166
0.3924964 0.42820942
0.38504368 0.26920536
0.39320526 0.5134478
0.3858599 0.38129777
0.38504535 0.46510184
0.38506463 0.48445708
0.41007137 0.39957854
0.56313986 0.52747667
0.3931053 0.3686791
0.39541522 0.38239235
0.3932374 0.38710248
0.39637756 0.44889218
0.38515985 0.44023237
0.39438444 0.19588697
0.3858015 0.45469207
0.39253452 0.8861191
0.39361948 0.41502598
0.39279854 0.34272403
0.40359843 0.26410228
0.3881707 0.36949417
0.39272413 0.36703527
0.38663012 0.14713614
0.39138383 0.29333958
0.39854586 0.34204197
0.39142483 0.34015685
0.3923543 0.37457255
0.385289 0.48387814
0.39242658 0.41546196
0.39296353 0.40584597
0.39252198 0.40575027
0.39276612 0.4123493
0.38854682 0.4282577
0.38659862 0.30352145
0.39259583 0.36871284
0.4037675 0.40121573
0.38534975 0.48509678
0.38499582 0.462965
0.38511163 0.3067314
0.39281875 0.32635325
0.39258856 0.51828456
0.4356713 0.36186266
0.39322615 0.2447379
0.39839274 0.35192433
0.39816302 0.24842581
0.39846006 0.4527767
0.39310914 0.36090666
0.3853932 0.43174684
0.39199442 0.41409877
0.38499433 0.42723238
0.4067983 0.45528877
0.38619506 0.3394062
0.38606003 0.14644991
0.392834 0.38915238
0.39312738 0.3414377
0.38536775 0.3640259
0.3853773 0.14966528
0.40433437 0.27397457
0.3859439 0.39462703
0.3986249 0.44203
0.38571638 0.47474787
0.4137823 0.4225347
0.38547504 0.47075617
0.39233118 0.37045306
0.3917945 0.46025366
0.38616222 0.44860932
0.38512832 0.45356965
0.39046612 0.29732448
0.3916638 0.17933571
0.3866896 0.37687436
0.3945883 0.41580912
0.4068637 0.4474739
0.40052766 0.77080053
0.39332455 0.40939716
0.39242333 0.5733397
0.39268568 0.35852274
0.39343902 0.40085894
0.39233762 0.44143015
0.3931465 0.39186677
0.3931283 0.39415094
0.38569346 0.473014
0.39343488 0.37067625
0.3853773 0.46798337
0.39266253 0.3293146
0.39938563 0.26701802
0.3854016 0.48583114
0.38677874 0.14530638
0.39274338 0.41098022
0.4022498 0.4640035
0.39786345 0.45697483
0.40165192 0.38159278
0.39206427 0.39721212
0.39318606 0.3006069
0.3864722 0.4070941
0.38538706 0.5624655
0.39707997 0.3649427
0.39219996 0.36738917
0.38587674 0.09956383
0.40001154 0.39580408
0.38753068 0.16874786
0.3850112 0.4234681
0.39266783 0.3070092
0.38847056 0.4405837
0.39297432 0.41420558
0.39212787 0.37483913
0.41425797 0.40966713
0.392316 0.41682595
0.39204133 0.27779156
0.396653 0.25731787
0.39443 0.3659842
0.3972449 0.34563628
0.39198163 0.397983
0.39300498 0.22578558
0.39120984 0.42187482
0.3927857 0.40293422
0.39232665 0.38578966
0.3974138 0.3980386
0.3924964 0.40818682
0.39341706 0.36790124
0.39298394 0.36642227
0.39258936 0.51330864
0.3986016 0.2608768
0.4008132 0.42816153
0.4099089 0.42570326
0.3852022 0.43056473
0.3924158 0.41313246
0.40041474 0.42670348
0.3927048 0.395453
0.392919 0.36678302
0.39253414 0.40812805
0.39250144 0.42695993
0.39300236 0.32265386
0.38596863 0.17187941
0.39744917 0.40810096
0.3927818 0.38479117
0.3924774 0.38941106
0.3881148 0.43588108
0.39291814 0.57762885
0.39222315 0.35713795
0.38498294 0.3786118
0.39509124 0.35118788
0.38794246 0.4183662
0.39302343 0.3099277
0.3874721 0.43456107
0.39315757 0.4230308
0.39270487 0.67352456
0.3930274 0.37872222
0.3957104 0.4100664
0.39258933 0.6344936
0.38554505 0.030927055
0.40070662 0.38152567
0.3928189 0.4248406
0.39709502 0.39546737
0.3924901 0.449385
0.38633683 0.17458235
0.39301103 0.41016063
0.40897095 0.29799467
0.39293584 0.3700189
0.39244574 0.4029493
0.3908435 0.44065732
0.38872078 0.44100797
0.39247948 0.33027482
0.38640216 0.49102584
0.39295352 0.3813035
0.391711 0.43143654
0.41143513 0.36927438
0.39371747 0.37075773
0.38523406 0.18815349
0.39221174 0.37514523
0.38899237 0.13753319
0.38631868 0.31486762
0.3865137 0.13686766
0.39222777 0.5584861
0.39271212 0.42260668
0.3928011 0.39911103
0.3912518 0.28179103
0.38943693 0.46694723
0.39332867 0.36022466
0.3923884 0.34811655
0.407868 0.3746769
0.39316016 0.4294297
0.42118365 0.34973878
0.39248982 0.4139777
0.39375827 0.33137605
0.3861766 0.28890213
0.39320564 0.3367603
0.39114976 0.42622146
0.39553615 0.3903374
0.3930138 0.27484408
0.3942827 0.4085636
0.39255494 0.42346337
0.39840597 0.41864833
0.39209616 0.42261833
0.38808793 0.4684031
0.39411184 0.36600015
0.3852972 0.16977984
0.4043561 0.24034335
0.39140084 0.4130135
0.39232695 0.3901128
0.38508135 0.408102
0.39488626 0.35160393
0.39357567 0.39623985
0.41049346 0.42583385
0.38639617 0.14906336
0.39434046 0.37664962
0.38790873 0.4028243
0.3924057 0.31721836
0.392442 0.31677443
0.39318603 0.41971663
0.39461583 0.1953943
0.4194227 0.20701548
0.38524777 0.32903108
0.39291018 0.33805585
0.39255998 0.4409789
0.39840594 0.3371234
0.39225745 0.39453152
0.39416113 0.42713377
0.4083181 0.23563288
0.39356074 0.46561095
0.39784572 0.34935072
0.3924766 0.42704326
0.393097 0.3820683
0.38539326 0.4601161
0.39322406 0.21992673
0.38509083 0.37988505
0.38520223 0.3505343
0.3931645 0.39417934
0.39429963 0.21878506
0.39206433 0.37034625
0.3866816 0.43589902
0.3869421 0.4309504
0.38686225 0.14287908
0.39272612 0.39168265
0.4096224 0.40356925
0.39255738 0.3110157
0.4289869 0.60578334
0.3950086 0.21692604
0.3930898 0.4232822
0.3927899 0.31530097
0.40345615 0.42790923
0.3858154 0.46749368
0.38505423 0.38593313
0.3859751 0.41062894
0.39318603 0.44131172
0.3928079 0.37450495
0.3970913 0.4065928
0.39295506 0.35893852
0.39262342 0.38275853
0.39289734 0.25010735
0.3968326 0.4066488
0.40896532 0.41888794
0.39632094 0.42880648
0.3932984 0.38465518
0.3923421 0.3982169
0.3911255 0.42692694
0.38630778 0.38184378
0.40492803 0.24796173
0.39330158 0.36176506
0.3968326 0.42568612
0.39232475 0.3539764
0.38656458 0.13494107
0.39509124 0.3419557
0.39334008 0.3823732
0.38544095 0.46157414
0.39125618 0.36616057
0.39396396 0.40554246
0.39342853 0.39230102
0.39341706 0.3307304
0.3929166 0.78784114
0.38639516 0.15165126
0.4097497 0.38139343
0.3932823 0.38440973
0.40463477 0.73028183
0.39430904 0.42429686
0.39284843 0.48621386
0.3930962 0.43900487
0.39274102 0.38748595
0.40590233 0.3677214
0.39412683 0.37136033
0.39298177 0.41714358
0.38816887 0.27164
0.39139405 0.42211506
0.3859294 0.21923107
0.3923006 0.37506914
0.39318603 0.43891242
0.39354092 0.8650458
0.39613667 0.38080484
0.3932759 0.45507845
0.39509124 0.417607
0.39237946 0.5998015
0.39396396 0.42129958
0.39570615 0.43146533
0.39331323 0.40968278
0.3966606 0.21460567
0.40184423 0.4352703
0.39301106 0.3493759
0.39767334 0.4033169
0.39308977 0.38891932
0.3926471 0.35913387
0.3927754 0.35805422
0.3921482 0.3371691
0.39260858 0.4129478
0.38578147 0.48206538
0.3999733 0.44268546
0.39247102 0.6830064
0.39442202 0.3428536
0.38633785 0.14573759
0.4042238 0.39453232
0.3924302 0.40269896
0.3888825 0.44262964
0.40195417 0.4510121
0.39509118 0.40795538
0.3901507 0.31683183
0.39387283 0.37488785
0.39310908 0.44986212
0.39332792 0.44774094
0.39120102 0.4198967
0.39277542 0.37085864
0.3920263 0.37005398
0.39662638 0.41979367
0.39900184 0.40533337
0.38502347 0.3841116
0.4070494 0.4449643
0.39222318 0.4139986
0.3976018 0.40590185
0.40095282 0.44001448
0.38531685 0.4579398
0.41022497 0.34525937
0.38526586 0.458898
0.3970124 0.36571518
0.39282036 0.8543737
0.38757405 0.35046706
0.39285514 0.40713844
0.39271188 0.31315783
0.39550117 0.387988
0.39205807 0.36858705
0.38501126 0.35176334
0.39261097 0.26883087
0.39314625 0.29856762
0.3923083 0.96906304
0.39303207 0.39444315
0.3915473 0.37169558
0.40984067 0.4205809
0.39328232 0.43084714
0.3927241 0.38278317
0.39252192 0.39921167
0.40966675 0.2565689
0.39231008 0.40897635
0.38729146 0.38152465
0.39319557 0.396748
0.40138254 0.3899899
0.39278176 0.40540886
0.39212927 0.42940342
0.3930301 0.30215433
0.38499367 0.2927798
0.39676428 0.4526998
0.385898 0.47426924
0.3871469 0.14158638
0.5175399 0.5309893
0.4092852 0.35901576
0.39068377 0.3782562
0.3867751 0.14321852
0.3928229 0.4193153
0.3921216 0.41447484
0.39248666 0.43437877
0.3922338 0.36475345
0.38547814 0.4258004
0.3912969 0.37597278
0.39494967 0.40385276
0.39241382 0.41715863
0.39275485 0.34360638
0.3856523 0.47152817
0.39250278 0.39275926
0.3928578 0.3193075
0.38663724 0.28499347
0.39275923 0.5013482
0.38542563 0.16106991
0.39842075 0.37936413
0.3861137 0.30741662
0.391711 0.34732175
0.3929166 0.42483395
0.39632094 0.599992
0.39509124 0.23830068
0.39344835 0.41325742
0.40228027 0.39616665
0.39788675 0.23757128
0.3911881 0.42531165
0.3851706 0.39922178
0.38534236 0.24949786
0.39309904 0.4047365
0.39652818 0.24065626
0.39295506 0.566921
0.38615814 0.39754087
0.38548875 0.49778777
0.4104731 0.3893984
0.39296597 0.40643394
0.39331877 0.31464422
0.39267275 0.39401883
0.39183694 0.37568253
0.39281774 0.39709616
0.38564235 0.3887629
0.3928973 0.5712029
0.39765728 0.35248125
0.39230582 0.4149309
0.38515615 0.17659006
0.38536525 0.47779375
0.3858636 0.13930199
0.39252827 0.8713586
0.38854688 0.43413958
0.39258933 0.42142108
0.3934289 0.19097352
0.40484762 0.32148468
0.3930521 0.39421883
0.39247102 0.4023479
0.3850308 0.32627812
0.38507164 0.44087422
0.3925388 0.35972917
0.3941264 0.39766237
0.39346358 0.376525
0.39883074 0.37685385
0.38608754 0.49830034
0.38607976 0.50078124
0.3925377 0.4123643
0.4248606 0.41545746
0.39331445 0.3485981
0.39861748 0.4678612
0.4717235 0.71682304
0.3912146 0.34778583
0.40095288 0.3883834
0.3850571 0.33249357
0.40229318 0.40311253
0.39139408 0.41972616
0.39310217 0.36293837
0.39143765 0.3488866
0.3860571 0.14642613
0.39292315 0.24991553
0.40729067 0.2792214
0.38609177 0.4252635
0.39247525 0.4075802
0.38577935 0.09153933
0.41175827 0.40954018
0.39935023 0.25978142
0.38920897 0.43440586
0.3922106 0.42425594
0.39248174 0.37579322
0.38523898 0.3763673
0.3914016 0.38076344
0.39323738 0.41505563
0.41020235 0.4333374
0.3932374 0.36016548
0.39226133 0.42429402
0.3932904 0.18579227
0.3924075 0.38830668
0.3859179 0.4402908
0.39550114 0.42428517
0.38568693 0.47273177
0.38726673 0.1937282
0.3855139 0.4511422
0.38632435 0.30790338
0.41193533 0.44977543
0.38497815 0.37448826
0.39334005 0.37502062
0.39331394 0.4035934
0.3930706 0.38077608
0.4032047 0.27493662
0.5033379 0.43415695
0.4122706 0.39347225
0.39242297 0.37954342
0.39281395 0.4151688
0.38551104 0.15859531
0.40068153 0.28062946
0.39314207 0.2821001
0.39343593 0.44064808
0.39289734 0.5622714
0.38610268 0.28405896
0.4020802 0.2306704
0.3960135 0.80369806
0.39217627 0.38113406
0.39251545 0.7444133
0.39230847 0.395003
0.3924756 0.4228823
0.39697 0.40964425
0.39204526 0.40622827
0.3912098 0.5172417
0.39256418 0.38705704
0.39231864 0.35236743
0.3984667 0.4599936
0.39296833 0.43476647
0.41002694 0.46622595
0.38598263 0.39110932
0.39632097 0.6848737
0.39303204 0.41071656
0.4120626 0.3130835
0.39138082 0.022628354
0.39292923 0.29153952
0.39297432 0.56393814
0.39238837 0.42173606
0.3853463 0.023726722
0.39416113 0.43061054
0.42505413 0.41636178
0.39308834 0.40454313
0.38517037 0.47445962
0.39230585 0.3968794
0.40141505 0.33569402
0.39313713 0.39030436
0.38965526 0.42813125
0.41134384 0.6044488
0.38539797 0.30040783
0.39550117 0.43871492
0.4191222 0.35451278
0.39280343 0.41882065
0.3927626 0.6901832
0.39242658 0.4170456
0.3915025 0.44367185
0.3953987 0.4171864
0.39231008 0.39097816
0.39278567 0.4659352
0.3979742 0.36983928
0.3922804 0.52845174
0.3850152 0.38533375
0.39215606 0.4050704
0.39220425 0.5582557
0.39337853 0.26449922
0.39322573 0.21971999
0.4089174 0.44675043
0.3931421 0.4067859
0.4070493 0.4183585
0.3922677 0.38771838
0.3852341 0.4655442
0.40778884 0.25892258
0.39233756 0.35679525
0.3929979 0.3817341
0.39261627 0.4097704
0.38981104 0.16141261
0.39326164 0.303633
0.3859364 0.43024737
0.39319465 0.3175211
0.38646686 0.14378458
0.3970387 0.3983611
0.3898008 0.4243618
0.39509127 0.36981013
0.41287208 0.18218964
0.3877714 0.4470706
0.3934389 0.5805404
0.3851434 0.084925175
0.39290947 0.44357112
0.39905703 0.3534737
0.39283943 0.42554706
0.40001965 0.37288505
0.39256418 0.6628665
0.3853546 0.48546338
0.3985309 0.29380098
0.39266422 0.37965897
0.38500643 0.41067296
0.4077419 0.42732438
0.38864195 0.4163944
0.39890218 0.57690334
0.39092952 0.31139478
0.52124697 0.6622744
0.3932969 0.38828328
0.3850835 0.35545477
0.40081316 0.40381747
0.3857332 0.09340139
0.39332834 0.30683482
0.38956237 0.40740508
0.38733077 0.5032007
0.40990883 0.4061009
0.39256984 0.3785469
0.38839674 0.39538813
0.39323607 0.4077387
0.39281654 0.4226967
0.39164314 0.45275915
0.38588488 0.39724785
0.3962563 0.33837783
0.38921863 0.045411978
0.3903102 0.46902892
0.39418936 0.35533142
0.3925049 0.4274531
0.40163815 0.46004295
0.39853275 0.4347381
0.38548553 0.28762567
0.3851418 0.3467549
0.385181 0.45285484
0.39254725 0.4082565
0.39539868 0.72581786
0.3911255 0.39132243
0.5051428 0.55979633
0.39177865 0.4042419
0.39254096 0.4162156
0.3950445 0.39730707
0.39282548 0.41392452
0.39054286 0.37309366
0.41020235 0.43732795
0.38686574 0.13546596
0.3924303 0.36962944
0.3923085 0.40979296
0.38612336 0.34265634
0.39288527 0.4311258
0.39935017 0.515378
0.38535345 0.47509813
0.39337856 0.63389266
0.39318407 0.40465596
0.40616715 0.25682557
0.39361814 0.39865264
0.39237225 0.5836368
0.40306485 0.39306888
0.4119807 0.24028127
0.38497812 0.42471808
0.39859173 0.44517463
0.38520223 0.30461645
0.3928484 0.3914931
0.39308333 0.39540726
0.39246503 0.38564378
0.39185527 0.4010107
0.39298844 0.40604028
0.3924965 0.40005335
0.38561767 0.4681578
0.39254436 0.32699978
0.39317834 0.4091605
0.41120267 0.3750036
0.39334008 0.3942084
0.38497955 0.42094663
0.39642352 0.38467136
0.40048203 0.35190913
0.4177814 0.28233826
0.3952965 0.42551866
0.38764673 0.1848295
0.4132738 0.22780502
0.40897083 0.42922744
0.39845884 0.38775432
0.3912562 0.41872573
0.39498055 0.40400103
0.4122706 0.35360575
0.39632097 0.27838138
0.39282528 0.5042182
0.40897098 0.42731342
0.38696146 0.24801789
0.39329457 0.24188928
0.391922 0.401967
0.38508788 0.38637263
0.39340928 0.23597121
0.38772404 0.4705925
0.39853275 0.4531934
0.38567957 0.46910203
0.39809242 0.39603204
0.39316392 0.39215404
0.392433 0.60969734
0.3928781 0.4135441
0.38572562 0.5039155
0.38785905 0.28051025
0.3852331 0.28499103
0.3926345 0.3552459
0.39236608 0.36977136
0.3972416 0.23615587
0.39254212 0.41584644
0.38668084 0.32451022
0.38715455 0.4343312
0.39321166 0.33050212
0.39241374 0.43936506
0.41023535 0.40298373
0.3927335 0.39428708
0.4146787 0.33580756
0.39614034 0.43261302
0.39316687 0.42077428
0.3853674 0.37779644
0.3931139 0.38953993
0.39251208 0.34328493
0.40171915 0.40416142
0.4104792 0.29967657
0.40590233 0.41063017
0.39217812 0.40627706
0.38921267 0.016230708
0.39295894 0.3491905
0.39247596 0.32986248
0.398488 0.43489933
0.39303207 0.46585727
0.39296544 0.41123188
0.3858992 0.4207652
0.38980547 0.37880343
0.40245312 0.67710733
0.3968326 0.50853217
0.39268008 0.3880727
0.39361814 0.33005333
0.38595128 0.46686175
0.39343625 0.7560557
0.39853275 0.42821404
0.39221674 0.4954164
0.38594392 0.4821886
0.3997798 0.32915318
0.39169705 0.34247237
0.38498735 0.4568324
0.39501554 0.4641517
0.38642415 0.3730419
0.41002694 0.39451876
0.39268908 0.16401902
0.38515526 0.46224552
0.40081704 0.43455032
0.39306533 0.34603667
0.39250496 0.43086448
0.41020235 0.39454004
0.38510203 0.46466765
0.38612008 0.32367417
0.39281544 0.41934383
0.38541335 0.26546508
0.38685405 0.14210393
0.3932976 0.39940342
0.38576397 0.20284769
0.39318597 0.3729393
0.40076905 0.38308597
0.38906786 0.38655317
0.4059023 0.36072448
0.3943303 0.35372558
0.39239696 0.38236773
0.40515447 0.3322982
0.39773217 0.41777605
0.38521028 0.47891358
0.3946628 0.4002414
0.39244574 0.36683938
0.39157462 0.39496964
0.40580237 0.39658204
0.3927626 0.41567662
0.3935391 0.28328532
0.39284843 0.31173566
0.4019656 0.36582902
0.38515824 0.30774722
0.39200738 0.3923069
0.38633043 0.48268425
0.396321 0.4165056
0.38498956 0.29975462
0.39274484 0.27516598
0.39016414 0.40596786
0.4000915 0.41970736
0.39021665 0.32736716
0.40144712 0.37217873
0.3925255 0.33397678
0.39915776 0.35752046
0.3857413 0.3768161
0.38526586 0.4783654
0.3858717 0.17573066
0.40131706 0.40265456
0.3853932 0.21718782
0.39235032 0.35068262
0.3927609 0.34560773
0.39052853 0.3681838
0.3853863 0.05819869
0.39724493 0.30991223
0.39958328 0.3941781
0.41175145 0.41274375
0.38765153 0.3717908
0.3928746 0.44077784
0.3879711 0.36490867
0.4101278 0.099139415
0.39184996 0.45460352
0.385328 0.47154233
0.39365587 0.39770502
0.40127942 0.25266165
0.39221045 0.53428745
0.39289302 0.4302655
0.39299357 0.394651
0.39430904 0.43496037
0.3866612 0.3603175
0.39096513 0.43569556
0.39295503 0.34300837
0.3858377 0.1895948
0.39983547 0.431189
0.39287806 0.43867126
0.39253044 0.40083265
0.39487028 0.3988303
0.39362487 0.25560117
0.393305 0.38077632
0.38839805 0.43537545
0.39290273 0.16438119
0.40717077 0.4243792
0.399708 0.3797953
0.39334002 0.42557278
0.39323738 0.4116169
0.38965523 0.47814065
0.39240748 0.31377414
0.39263052 0.45080733
0.39416116 0.4111053
0.39442986 0.31812242
0.38565597 0.2891549
0.39276254 0.4082975
0.38558143 0.46374524
0.3991588 0.66838664
0.4104731 0.39620247
0.393263 0.56123716
0.39337856 0.39696947
0.38614225 0.0997635
0.39262345 0.38300496
0.39361823 0.26410747
0.389451 0.43574902
0.3924986 0.41810042
0.3928204 0.3956647
0.38733777 0.43656135
0.39386538 0.6472958
0.40095288 0.3954282
0.39262146 0.36017105
0.38528895 0.45611086
0.3928781 0.5636933
0.39694625 0.3339073
0.3924773 0.41828936
0.39233124 0.41150612
0.40726754 0.2335144
0.39040452 0.38941133
0.3924364 0.4250991
0.40095288 0.46142876
0.39293328 0.3794153
0.38856366 0.5023046
0.41178972 0.25515822
0.39322412 0.43830806
0.3936463 0.40554395
0.39288825 0.2128391
0.3894369 0.47747824
0.3891676 0.28874812
0.38950968 0.3713569
0.3923884 0.34250197
0.3868648 0.18601169
0.38591963 0.38158038
0.38573328 0.47274926
0.39248738 0.34721163
0.393218 0.41967985
0.39334008 0.39999193
0.4015544 0.25182956
0.38518947 0.4566918
0.39650136 0.23739551
0.39292705 0.44836202
0.3951493 0.39522073
0.39342582 0.39913884
0.3928781 0.36922562
0.3934363 0.6813572
0.39287883 0.38906756
0.3927062 0.23941825
0.39273465 0.5863118
0.3926913 0.37899992
0.39112556 0.42647043
0.3923758 0.38675237
0.3905945 0.41766423
0.39699116 0.45471647
0.43309632 0.65824395
0.39509124 0.41030663
0.3928588 0.39215818
0.41020232 0.40817815
0.38505894 0.45906752
0.4068617 0.40419355
0.39311376 0.25561592
0.38514715 0.09274651
0.39504454 0.3593954
0.39768007 0.2805533
0.38903415 0.4813075
0.39258945 0.43256164
0.3941127 0.366563
0.40066427 0.40525743
0.3911498 0.43677422
0.3933964 0.24509901
0.39319047 0.37315997
0.39286265 0.6181
0.39248377 0.562956
0.3928685 0.4365064
0.39334008 0.43002275
0.38572472 0.47956634
0.39334008 0.3834818
0.38630703 0.17513454
0.3851204 0.49627674
0.4381244 0.61017835
0.39748058 0.38442528
0.39290377 0.37693682
0.39276755 0.38630787
0.40224984 0.44365042
0.39214954 0.3990465
0.38931268 0.3982695
0.39839488 0.27922562
0.3928696 0.42230114
0.39570615 0.4278514
0.38921863 0.38087583
0.41018575 0.3054
0.40497273 0.4265533
0.39650923 0.6288542
0.42220622 0.23939335
0.39238054 0.34761345
0.38521495 0.41402614
0.39303955 0.41405517
0.3927938 0.31873423
0.3923453 0.2835467
0.39366972 0.4255932
0.38646466 0.17523526
0.39252812 0.25928316
0.3963077 0.21515588
0.39266637 0.49277976
0.39310905 0.28944123
0.39295518 0.523129
0.40267044 0.29263633
0.39123124 0.39820498
0.38929218 0.37871283
0.3938728 0.33028972
0.38634974 0.41836187
0.3926952 0.41447037
0.41048497 0.34164202
0.39354092 0.40311363
0.3941018 0.3853353
0.39392453 0.38437143
0.39724496 0.44299257
0.3929594 0.43382892
0.38515455 0.28471553
0.39272416 0.33167762
0.3984179 0.4596432
0.39859173 0.38612348
0.39300153 0.38963142
0.3872934 0.2620735
0.39467508 0.27307028
0.39270484 0.40335086
0.39478377 0.42412975
0.38669586 0.3992228
0.38530836 0.47980678
0.39656723 0.38983557
0.39044118 0.22114274
0.3852561 0.37058
0.3961402 0.37892035
0.3925019 0.28273085
0.39105707 0.4216994
0.40704933 0.40356916
0.39277172 0.40081018
0.39328122 0.4340815
0.39390364 0.27463353
0.3932887 0.4340891
0.38790876 0.4021098
0.39256626 0.42161378
0.39239928 0.8390151
0.38732263 0.2946085
0.38730103 0.4248919
0.39313716 0.30046424
0.3859918 0.106427304
0.3879954 0.436012
0.38581872 0.277129
0.38585165 0.39607188
0.3857256 0.27602348
0.39299354 0.43349296
0.39697006 0.37452558
0.39533722 0.4110815
0.39663067 0.3575456
0.39838418 0.41776863
0.39306533 0.411329
0.3927049 0.4037895
0.4746902 0.4263358
0.385102 0.48353562
0.39263898 0.25109637
0.3968326 0.79292697
0.38542852 0.47794747
0.3860334 0.47488558
0.3859173 0.4695813
0.38965526 0.42249915
0.39875183 0.43349135
0.3930568 0.415044
0.3861027 0.15649918
0.38958186 0.27053875
0.40435803 0.24876684
0.3931707 0.41887128
0.39146414 0.37857533
0.39164126 0.3050321
0.41006738 0.556639
0.39307055 0.42365837
0.39019227 0.43429047
0.38585633 0.1604284
0.3924584 0.41432562
0.39135203 0.3577577
0.39233124 0.42267138
0.392949 0.34923974
0.39303926 0.35951295
0.39305103 0.27833542
0.3932296 0.41734856
0.39831147 0.35313228
0.3932189 0.4167585
0.3940133 0.21712932
0.3885861 0.448128
0.39170468 0.335139
0.38911682 0.3119953
0.39343628 0.39074668
0.3987001 0.74856204
0.39252865 0.4373982
0.3934367 0.27520436
0.3922169 0.38268077
0.38612175 0.37539947
0.39243418 0.42861012
0.392949 0.29505938
0.3933785 0.41142213
0.39255366 0.60234267
0.39142615 0.40987065
0.40318626 0.3153996
0.398038 0.401541
0.39799753 0.3976535
0.39247954 0.2704381
0.3851386 0.4122588
0.39252746 0.4354699
0.3920663 0.48931703
0.39820284 0.23305596
0.39340162 0.32389873
0.39340976 0.25948328
0.40782362 0.27744374
0.3928204 0.50248873
0.38539466 0.3318445
0.3850961 0.39663234
0.3978137 0.25527745
0.3881707 0.38819817
0.3928476 0.36017838
0.39239484 0.427275
0.39320117 0.441666
0.39396396 0.38155216
0.38611168 0.34368956
0.3924437 0.38562053
0.39341706 0.45246705
0.39303207 0.44847193
0.393305 0.3907463
0.39336604 0.4717104
0.38818836 0.3226672
0.39720464 0.36607882
0.41048497 0.16818547
0.392316 0.41873747
0.3868172 0.4134687
0.39127332 0.3903807
0.39274272 0.36826295
0.39209217 0.38570407
0.410003 0.41889206
0.39221674 0.3146425
0.439307 0.571735
0.39691508 0.39754835
0.38563848 0.15825482
0.39291662 0.3946478
0.40726486 0.21107917
0.39860153 0.37699446
0.38551372 0.46361366
0.40365362 0.40244716
0.39250913 0.42929086
0.3927395 0.34454063
0.39258027 0.43493557
0.38607013 0.46684316
0.39101452 0.3898459
0.3877656 0.43065903
0.39249015 0.42284405
0.3932041 0.42379493
0.40458292 0.31402794
0.3966264 0.39193797
0.398662 0.23050024
0.39258558 0.3873428
0.3892877 0.44260642
0.39156765 0.4147034
0.38574636 0.40379316
0.38834167 0.46877322
0.3879873 0.39702624
0.39315307 0.43424678
0.38530165 0.42583758
0.41000432 0.36543298
0.3924837 0.3897586
0.39272413 0.39125222
0.39295512 0.40772688
0.3968326 0.41827235
0.39253458 0.39163277
0.3927498 0.40047073
0.3941611 0.38343075
0.3859439 0.47907028
0.40557313 0.4299226
0.40080202 0.40897983
0.38934752 0.3998016
0.38887233 0.4461906
0.39316037 0.36965197
0.3985359 0.40341312
0.38913563 0.3188321
0.3926472 0.4217107
0.39220423 0.42491537
0.59857136 0.45880017
0.39582905 0.28368556
0.38575363 0.38591254
0.40818968 0.4476539
0.4070493 0.40662605
0.40551937 0.57576746
0.3912098 0.30046177
0.38648856 0.30533344
0.38636383 0.2509028
0.3932053 0.42511964
0.39500418 0.41248277
0.3927027 0.49765903
0.3948453 0.3792382
0.39229304 0.40105614
0.40138915 0.42065513
0.39203253 0.42077783
0.39256096 0.39152938
0.38551158 0.47033778
0.3972449 0.46287444
0.39246047 0.30059087
0.38653147 0.35403147
0.3852734 0.59702677
0.39261827 0.38081893
0.392969 0.2580453
0.39155477 0.287908
0.3929789 0.29764912
0.39037734 0.17458697
0.39312714 0.45336184
0.39408588 0.42972344
0.38847008 0.42617226
0.38507816 0.08389721
0.39214694 0.5643796
0.40080202 0.4361008
0.4063851 0.77454233
0.41048497 0.4169615
0.3920828 0.4407295
0.3919446 0.44551826
0.39393932 0.3755759
0.39056134 0.42100498
0.3854569 0.21335745
0.39225084 0.39128238
0.40102175 0.38834837
0.39245194 0.3585467
0.39291662 0.42205492
0.40210435 0.23480034
0.39591104 0.38129833
0.3880095 0.43437862
0.3916616 0.41038966
0.3924973 0.32610658
0.39268562 0.37914994
0.38875145 0.37914896
0.3863798 0.15042955
0.39625508 0.36638317
0.39196604 0.17636332
0.3910302 0.36190808
0.38546067 0.2064294
0.39447638 0.31290227
0.39695597 0.43582052
0.38939857 0.40434277
0.38512295 0.34823507
0.3923567 0.6417359
0.40655583 0.42681092
0.39601353 0.4302443
0.39657092 0.47801164
0.3929856 0.350753
0.39314756 0.3881349
0.38589483 0.46608397
0.38539323 0.4646312
0.3933401 0.29250115
0.3927062 0.42332682
0.39254096 0.42787912
0.39107996 0.42516944
0.38921863 0.44797075
0.43883565 0.30856848
0.39441466 0.414304
0.38709253 0.22158566
0.40081692 0.38184428
0.3927857 0.34385115
0.39765725 0.4078546
0.38965526 0.49917492
0.38568693 0.1847414
0.38521814 0.4885589
0.39264715 0.47186494
0.3927241 0.41511694
0.38526592 0.48733774
0.39134324 0.42592442
0.39758742 0.4238654
0.3850537 0.3960034
0.38558298 0.45432776
0.3977074 0.38255215
0.39277542 0.51097476
0.3926977 0.41912782
0.39262956 0.42125475
0.3928154 0.44336405
0.39860028 0.35218346
0.38537735 0.46297273
0.3873022 0.4790686
0.39359578 0.39930624
0.39676914 0.42109182
0.40564132 0.40557176
0.39273697 0.38702616
0.39357603 0.2750339
0.38642603 0.16670586
0.39295673 0.46492398
0.38547164 0.46915027
0.3933282 0.43970346
0.43928117 0.45980203
0.4070494 0.26481184
0.38679534 0.15433387
0.3922424 0.4153243
0.39286524 0.4134463
0.39243928 0.9440858
0.39331445 0.2912411
0.40345606 0.43400493
0.39265862 0.36050776
0.39334005 0.6932511
0.3857562 0.3725086
0.39084965 0.3167432
0.3984279 0.39006868
0.39343134 0.40204605
0.38657784 0.42308807
0.39272892 0.4006592
0.40081316 0.39155194
0.3914615 0.31267202
0.39249656 0.35084978
0.38523751 0.46430022
0.39225948 0.4613954
0.39307487 0.36314052
0.39257264 0.37941676
0.39882714 0.40696454
0.3979775 0.37751964
0.39683518 0.38275465
0.39335284 0.4578874
0.39209718 0.38523927
0.3943978 0.47571382
0.39074683 0.4498056
0.39724493 0.41872463
0.38834536 0.39374265
0.38525838 0.25691187
0.38505697 0.43107775
0.3849781 0.41335946
0.39243886 0.34659296
0.38630772 0.20960677
0.39789188 0.3595157
0.393382 0.37972456
0.40095285 0.3610081
0.3929551 0.37033457
0.3882944 0.20994854
0.41017228 0.45525098
0.39289021 0.44472295
0.39204744 0.3470378
0.39319164 0.36249316
0.38513064 0.47036543
0.3925264 0.39138332
0.39230454 0.39388356
0.3924275 0.4270961
0.41002694 0.4026445
0.3979975 0.33938622
0.38502777 0.36585823
0.39321488 0.3703334
0.4035025 0.17869183
0.38575622 0.48271173
0.3953263 0.41267377
0.4036283 0.2782971
0.38511312 0.42439273
0.39408588 0.61472356
0.3911881 0.44980735
0.3931178 0.30060896
0.39361817 0.41221422
0.41143522 0.3943697
0.3965631 0.37956393
0.3932516 0.35602206
0.39335543 0.42315185
0.3850961 0.046826236
0.41216797 0.43030864
0.3859173 0.37274954
0.3915937 0.39701223
0.39289734 0.38698882
0.39253458 0.81971043
0.41003585 0.4301156
0.4099089 0.4247138
0.39935023 0.3777093
0.39334005 0.3924099
0.39192477 0.42642087
0.39509127 0.45217937
0.3925049 0.36037096
0.3851704 0.4520704
0.38586015 0.23520163
0.39290375 0.35774863
0.39983544 0.41962624
0.39321893 0.33382365
0.3934636 0.43420646
0.38513613 0.45989317
0.39252934 0.38402984
0.3921279 0.37209886
0.392488 0.45638013
0.40243778 0.3946238
0.38713652 0.4532403
0.3927241 0.41121218
0.38612986 0.38730004
0.38640845 0.1742951
0.40095288 0.3905293
0.39306077 0.37956634
0.39107525 0.25337708
0.39011276 0.40295777
0.39291018 0.33950248
0.39320946 0.18195109
0.38572556 0.37891445
0.39386538 0.40034258
0.38567773 0.3273681
0.392488 0.38141236
0.41122246 0.38086516
0.39327365 0.098171785
0.39316982 0.42551994
0.39212158 0.41990754
0.39247733 0.27976793
0.39256626 0.43450853
0.38817066 0.4200067
0.39190546 0.5009564
0.40130395 0.23909324
0.4996938 0.39892057
0.39251846 0.3523747
0.39230663 0.36977524
0.39244735 0.2064797
0.39002466 0.4120474
0.41503304 0.36686638
0.4178798 0.20658028
0.39697003 0.4256071
0.38874048 0.40031725
0.3930513 0.41561118
0.3928973 0.69168806
0.38965526 0.42879397
0.39306626 0.29865733
0.38521174 0.4096749
0.3924914 0.37275326
0.40077198 0.42991704
0.39662644 0.40264675
0.39290377 0.40672964
0.38539642 0.46329296
0.40897095 0.35359254
0.40081316 0.40640745
0.385977 0.3564711
0.40248042 0.31910652
0.3934567 0.37209508
0.3930342 0.42132723
0.39231077 0.40095842
0.39306533 0.37161493
0.40544307 0.23322612
0.39287806 0.41637424
0.39558315 0.38664663
0.38864604 0.46461535
0.3985135 0.41474047
0.39200145 0.36694837
0.3977947 0.41556895
0.39249644 0.34912646
0.39362925 0.42685306
0.42826527 0.22723934
0.40041894 0.47124198
0.38541844 0.4535874
0.39096552 0.3381791
0.4118601 0.42307997
0.39318603 0.41248727
0.39917287 0.38787013
0.40658402 0.30881837
0.39221674 0.4316471
0.40503645 0.43092966
0.3850876 0.1236298
0.3974275 0.31392065
0.3953987 0.2153276
0.38501123 0.22494411
0.4038862 0.44075218
0.39181215 0.21328063
0.41360104 0.3814373
0.40514505 0.41719392
0.3934173 0.39584973
0.3929765 0.44908994
0.3933272 0.3923201
0.3867507 0.14568752
0.39252153 0.3705387
0.39856935 0.35617885
0.3895491 0.066331394
0.38615817 0.34456542
0.4077571 0.3803834
0.3856523 0.4755773
0.38626894 0.19108935
0.38790873 0.41169715
0.39252815 0.5424048
0.38900036 0.4077958
0.40081316 0.41119835
0.39245194 0.4068663
0.38619506 0.33371595
0.39339775 0.70555156
0.38567632 0.38459197
0.38688996 0.38574383
0.3922423 0.36479595
0.49897957 0.39858305
0.39245617 0.42753533
0.39324027 0.38831726
0.39308336 0.39493662
0.3929819 0.41458187
0.39729515 0.40572664
0.39319143 0.3938971
0.39266756 0.43948495
0.39272416 0.251702
0.38639736 0.33959347
0.3933232 0.37068567
0.38526022 0.41407266
0.39266637 0.3751214
0.3857215 0.47747907
0.4057915 0.46504647
0.39372587 0.39415354
0.3920999 0.40574917
0.40984067 0.38784447
0.39777657 0.3998147
0.3868648 0.43983072
0.39683262 0.37475613
0.3925537 0.42275286
0.39247102 0.3588182
0.39275748 0.36127773
0.3854187 0.5220962
0.38549513 0.40098175
0.38498574 0.37496203
0.3977144 0.3822248
0.38721126 0.55756295
0.39779466 0.29278344
0.3926032 0.40923372
0.38547724 0.47150746
0.39553913 0.4139426
0.3922788 0.34453124
0.39244816 0.3234112
0.39267966 0.37411085
0.3931091 0.4227901
0.39219588 0.4012772
0.3909651 0.41127235
0.39305913 0.36909217
0.3924825 0.49468836
0.3932299 0.448153
0.39225924 0.33866405
0.38649303 0.16152862
0.39218506 0.47204852
0.38659883 0.46801025
0.40704927 0.43190756
0.39328796 0.2866589
0.38546398 0.32072508
0.3924691 0.30663893
0.38541442 0.4547294
0.40604857 0.4189226
0.4113438 0.24807376
0.39720243 0.37795302
0.38828713 0.35567793
0.39260852 0.4257655
0.40591598 0.6818107
0.38987356 0.40707463
0.39509127 0.437894
0.38665694 0.34397954
0.3851704 0.42398205
0.38624 0.47879356
0.39330548 0.38119763
0.3853932 0.485386
0.40072465 0.41497168
0.39287028 0.4018357
0.38520432 0.37483802
0.39226133 0.37763476
0.3937175 0.39879495
0.3854851 0.48286632
0.3921535 0.8312637
0.39667735 0.39593938
0.39310908 0.28173178
0.38553613 0.17760085
0.40095288 0.4252547
0.3925047 0.36250475
0.39254448 0.32395574
0.38621354 0.17125241
0.39287814 0.5297379
0.39223576 0.36835894
0.385181 0.3589618
0.39239478 0.40820318
0.38533115 0.48557398
0.39237002 0.39549458
0.3861997 0.17218076
0.38564214 0.47333723
0.39197627 0.41883364
0.39777333 0.4102254
0.39321694 0.38953754
0.39383155 0.24046701
0.3925337 0.32036203
0.39340103 0.38420212
0.39314848 0.34644228
0.39011273 0.41568953
0.40538573 0.37990072
0.40638512 0.42040023
0.38562894 0.40331775
0.38710243 0.42666766
0.38603342 0.30981195
0.39694622 0.39239997
0.38595152 0.09262509
0.38510674 0.489138
0.38616574 0.070901126
0.39221615 0.09820988
0.38572556 0.5762408
0.39220428 0.3872121
0.38573313 0.48184365
0.39368743 0.4056182
0.3929296 0.43547142
0.3927434 0.5952864
0.38656458 0.12520435
0.38716316 0.17220448
0.39632097 0.90884477
0.3926599 0.29268822
0.39570612 0.30082822
0.39409694 0.43022355
0.39253128 0.41423804
0.39283204 0.42498553
0.38852844 0.42541018
0.3877216 0.3615486
0.3854729 0.46606198
0.38616222 0.4328015
0.39288655 0.44629225
0.39271402 0.3664587
0.38544416 0.54469216
0.39251554 0.4277566
0.3929345 0.24926217
0.39297044 0.35510924
0.39350414 0.37455642
0.39242005 0.4155651
0.3960849 0.32202777
0.39221674 0.42429677
0.3871004 0.30369872
0.38498574 0.4027927
0.39221668 0.40018913
0.40897095 0.43337962
0.4023908 0.3660385
0.3932921 0.3494421
0.41022494 0.23172832
0.39932632 0.22511987
0.3925282 0.91803837
0.38529772 0.18743242
0.3851007 0.18765223
0.40962243 0.46987298
0.38517836 0.45304045
0.39632097 0.3492762
0.38829094 0.34388858
0.50343615 0.8846254
0.39287785 0.27004004
0.3925522 0.25200543
0.3853898 0.48872298
0.38628742 0.43297917
0.4136847 0.4085034
0.39228046 0.42303407
0.3928923 0.29215166
0.39694622 0.30996078
0.3928154 0.23048636
0.38684177 0.37287405
0.3928711 0.40503642
0.41020232 0.39680806
0.39334008 0.40068477
0.40801516 0.35858366
0.3910727 0.33667904
0.39453608 0.39917836
0.3926434 0.30177882
0.39724487 0.71583533
0.41390872 0.40141386
0.39514816 0.45172706
0.3923947 0.3508699
0.39231843 0.88091654
0.39306664 0.40557745
0.39713052 0.21999376
0.39306623 0.39079806
0.39238846 0.40003434
0.39260864 0.57773143
0.3923735 0.36750054
0.40170732 0.3320657
0.38661438 0.46090814
0.39096516 0.48690972
0.41007143 0.3712139
0.38706642 0.14245082
0.3931091 0.68770283
0.38526458 0.3461092
0.39807525 0.2166208
0.3913206 0.4241107
0.38536984 0.3097031
0.3926214 0.54828894
0.39250153 0.3740943
0.38515478 0.3275812
0.38548926 0.48118538
0.4022498 0.45528582
0.38514334 0.40118968
0.40426335 0.3409379
0.4015476 0.2447274
0.39765728 0.43598196
0.39321852 0.2265996
0.40953183 0.4628834
0.39256 0.6398091
0.38629597 0.13231443
0.3954841 0.35622466
0.39288643 0.3522961
0.39727518 0.39573357
0.3874721 0.72685254
0.3959149 0.41266435
0.38585943 0.40862113
0.39236942 0.4194031
0.38681203 0.15497275
0.40171918 0.4357043
0.39254093 0.5254207
0.40398765 0.44720402
0.39360178 0.32344037
0.39703876 0.41804022
0.3855331 0.38635445
0.3870265 0.1340482
0.40224984 0.38612062
0.3925376 0.4110467
0.3926654 0.39699885
0.3984179 0.46816862
0.3936182 0.3874693
0.39845657 0.3397814
0.39316034 0.41557986
0.40704933 0.5132273
0.3925894 0.41932952
0.40165117 0.33439955
0.3853508 0.41463357
0.39304692 0.36856574
0.39284614 0.37373176
0.39853284 0.44244915
0.41136542 0.37212363
0.38528657 0.4418458
0.3924833 0.43575382
0.38500643 0.43488622
0.41183847 0.36479646
0.38601607 0.46988648
0.39009187 0.6752773
0.39272407 0.4474381
0.3922168 0.40208298
0.39396396 0.40120792
0.39468133 0.37603727
0.39296663 0.049186863
0.39250776 0.6656834
0.3930013 0.27896896
0.39284843 0.38497907
0.3870451 0.43008506
0.3930059 0.290388
0.38520223 0.4226065
0.3934363 0.42233276
0.38527653 0.4645478
0.3922741 0.64992034
0.3858533 0.50205404
0.38540918 0.4709255
0.392363 0.3922433
0.39331806 0.42349544
0.39215183 0.38830686
0.39255813 0.3032841
0.39303204 0.40668225
0.3929717 0.39494094
0.38554835 0.21007735
0.39855844 0.3864014
0.38500506 0.15803885
0.3854842 0.18275246
0.38658774 0.21351774
0.39298815 0.37360045
0.39274973 0.34797898
0.39740986 0.40154144
0.39346778 0.32929662
0.3928743 0.40081188
0.39395136 0.37919238
0.38545692 0.4753251
0.39459938 0.30399433
0.3966264 0.4117726
0.39295512 0.2902095
0.38776562 0.5329957
0.3854251 0.2476792
0.39131653 0.023014644
0.3851749 0.35351467
0.39221674 0.8036228
0.40635473 0.69114614
0.39264712 0.40155882
0.38817072 0.27516088
0.38891947 0.33095872
0.39267975 0.32372785
0.39330158 0.43176907
0.39768553 0.43534905
0.40073302 0.34858721
0.39282697 0.41666538
0.39930105 0.43842286
0.3929834 0.39420527
0.385398 0.29819322
0.39232484 0.37096962
0.39243305 0.3892972
0.39226145 0.42426977
0.3994164 0.62882835
0.38594276 0.5406452
0.38640925 0.47965035
0.40726745 0.43768317
0.38603956 0.25902912
0.4068048 0.40792298
0.39222556 0.39020398
0.38597947 0.39208785
0.3865461 0.17172866
0.39336205 0.3842852
0.38521785 0.27927452
0.39219773 0.39971676
0.40035412 0.38213634
0.38663176 0.33188215
0.40127105 0.21140613
0.38747945 0.21403648
0.39145052 0.43767127
0.38553333 0.52681553
0.3932431 0.3968436
0.38550183 0.39745992
0.39536643 0.39674625
0.39335364 0.35595667
0.3953423 0.29760394
0.3986429 0.45284638
0.40054214 0.45671183
0.39293006 0.3965615
0.3929597 0.5876259
0.39570615 0.44799557
0.39484525 0.38967288
0.3922856 0.38231003
0.3934636 0.36062118
0.38600054 0.2784555
0.41607362 0.43140453
0.38649514 0.2145593
0.4002236 0.44164357
0.38561517 0.47478333
0.4104661 0.41937444
0.39650363 0.28047425
0.38506517 0.087852076
0.3940133 0.41822797
0.3924138 0.4110588
0.38509881 0.452577
0.38643408 0.1727585
0.39240122 0.7176071
0.38695994 0.398825
0.39336997 0.26183444
0.3933978 0.3832309
0.39457715 0.20563962
0.3852659 0.42370066
0.4099239 0.49042416
0.39342552 0.41603765
0.3854569 0.46334338
0.3849781 0.035990376
0.39274973 0.3758988
0.41007137 0.37456024
0.39331484 0.42000997
0.39861745 0.34188548
0.39227623 0.36818647
0.3912933 0.42763194
0.38935292 0.41182905
0.39632097 0.7111286
0.39312547 0.42675817
0.39402157 0.40288103
0.4092852 0.35942015
0.40704936 0.40848616
0.3852942 0.10395058
0.38946146 0.4262959
0.38640046 0.13153967
0.3933697 0.28796646
0.38706347 0.14391363
0.38527656 0.47557348
0.39314753 0.44344425
0.39324194 0.4014547
0.3969633 0.42600912
0.4011337 0.41726327
0.3998354 0.4364859
0.3859719 0.3378885
0.38653424 0.66019624
0.39256626 0.41766158
0.41406408 0.3686865
0.39223245 0.4494642
0.39354098 0.4030608
0.39220285 0.34322393
0.3851863 0.5012186
0.3950912 0.38282487
0.39258403 0.5558092
0.39333522 0.3429132
0.3984272 0.40877804
0.38511467 0.46196318
0.39840594 0.3929316
0.39257127 0.2524471
0.4001412 0.41464388
0.39327842 0.41035798
0.39872324 0.43207678
0.39229316 0.6875025
0.38583243 0.4727037
0.39235663 0.6416086
0.39828762 0.34957358
0.39323738 0.38711444
0.39301285 0.4247655
0.39207065 0.40223014
0.39504457 0.40308255
0.38524058 0.14934477
0.39950228 0.39130688
0.38499168 0.36767387
0.41305566 0.43524867
0.3927346 0.45142454
0.39841992 0.41972694
0.38985372 0.38974094
0.3924457 0.40793154
0.38544416 0.40768307
0.3949685 0.21989836
0.51963454 0.39861885
0.3976856 0.44234654
0.3886586 0.41670832
0.39237875 0.433872
0.39310935 0.36195508
0.39010614 0.3692065
0.38626897 0.16676125
0.38590044 0.32549268
0.400817 0.45097005
0.39100543 0.37835994
0.3912475 0.2531539
0.39096516 0.38416278
0.3953372 0.4679171
0.41098875 0.24353535
0.3970388 0.4170501
0.418577 0.25995457
0.39284843 0.4202705
0.38520223 0.4083574
0.3867659 0.32097304
0.3922422 0.3790658
0.38582548 0.45839
0.38499847 0.3901727
0.38522518 0.49105778
0.39853278 0.43747732
0.40897095 0.36036864
0.3925581 0.31760144
0.40345603 0.38942975
0.39096516 0.32068142
0.453967 0.65646255
0.3929294 0.4171846
0.38652068 0.3764281
0.40990883 0.36246908
0.39257076 0.3304394
0.39816913 0.39093208
0.38507828 0.4286208
0.3851434 0.46582773
0.40959948 0.45681086
0.38560033 0.45380434
0.39294988 0.35264447
0.3926095 0.33123693
0.4104553 0.37007895
0.413601 0.66142863
0.40387428 0.42663375
0.3975748 0.3741215
0.39779472 0.5346647
0.39718515 0.40357763
0.392776 0.34795144
0.3913734 0.38221747
0.3873883 0.44193763
0.39243922 0.57698536
0.38747215 0.43336847
0.3853653 0.46565634
0.3912548 0.36371645
0.4993412 0.68727875
0.39293417 0.3556008
0.38624907 0.18709016
0.39254725 0.34092382
0.39428395 0.40703225
0.3932631 0.42228466
0.39282036 0.4327518
0.3937668 0.39619136
0.3968326 0.44744468
0.3850749 0.47862393
0.3928774 0.2555193
0.3928537 0.4682796
0.40431875 0.22404446
0.39292958 0.68602055
0.39707997 0.34740117
0.3927762 0.7373104
0.3932374 0.3417934
0.39312834 0.27841505
0.4122706 0.40722123
0.39724493 0.2671594
0.39301103 0.37334904
0.3921204 0.3619969
0.40119815 0.39348924
0.3911881 0.70525104
0.39343798 0.36686164
0.39248374 0.4430254
0.3864242 0.16232392
0.4159229 0.4228661
0.39256 0.4127206
0.39779136 0.36975276
0.39741963 0.37085453
0.39291477 0.44046065
0.39292958 0.4300905
0.39273024 0.2511285
0.39255917 0.43490225
0.3858255 0.09135107
0.38617194 0.15197577
0.41227064 0.8181888
0.3941782 0.4287705
0.3863798 0.3814848
0.39273313 0.41756955
0.39097407 0.39157566
0.410027 0.3793756
0.39034754 0.24308853
0.3930706 0.64525855
0.3930601 0.40196896
0.3985328 0.38333482
0.39242017 0.46339592
0.3894369 0.4802683
0.38529134 0.4110359
0.39307058 0.8273235
0.3905285 0.40897262
0.41067588 0.39457718
0.39816913 0.4468432
0.3850749 0.41442284
0.3871861 0.41149658
0.3928588 0.35001668
0.4138863 0.41265568
0.38581634 0.15908243
0.39864287 0.3796828
0.40726745 0.27952048
0.392957 0.36683562
0.3931604 0.426949
0.3852942 0.14637522
0.4084012 0.37026381
0.38498294 0.080344155
0.39218295 0.4081096
0.40153018 0.5316618
0.38583452 0.4632629
0.3928781 0.3645383
0.3883199 0.4433227
0.38982064 0.349277
0.40320742 0.36997443
0.39116704 0.39184877
0.3984427 0.29523912
0.39318606 0.39731172
0.39162004 0.28828597
0.3916812 0.45598534
0.3925537 0.39843383
0.4034561 0.41043854
0.3857984 0.46235132
0.39330155 0.4229367
0.3922338 0.3444841
0.39430904 0.36799198
0.39312828 0.40596306
0.39570612 0.2771486
0.3856945 0.3973571
0.38511 0.40159085
0.39231008 0.35884398
0.39314225 0.25587147
0.39236936 0.3534137
0.39300644 0.36961526
0.38501462 0.4607424
0.39297175 0.4333242
0.39144388 0.30043858
0.38697308 0.36929256
0.3929212 0.3888054
0.39853275 0.4249468
0.39509124 0.5683432
0.39318448 0.31222638
0.38794664 0.06417351
0.39278176 0.4253052
0.42573532 0.6775945
0.39211798 0.4435777
0.39768556 0.43930823
0.3925894 0.32037807
0.40092325 0.3661733
0.3852818 0.4606894
0.39252186 0.36110193
0.39091033 0.292395
0.38634375 0.115801625
0.38527998 0.46242467
0.39341703 0.44924822
0.39700127 0.41526398
0.39306977 0.2584166
0.3854251 0.5086445
0.3922422 0.4028677
0.38528895 0.45602265
0.39328867 0.35874516
0.3854171 0.43429643
0.39270484 0.38639814
0.38667548 0.1965081
0.396774 0.44390053
0.39241916 0.38308972
0.4130683 0.4049025
0.40014857 0.29197726
0.3931448 0.42158088
0.3962035 0.3329986
0.39354095 0.4094966
0.38572556 0.4307044
0.38521808 0.4653276
0.39386538 0.3934694
0.4113438 0.39345518
0.3859314 0.16640408
0.39570612 0.39459163
0.38536733 0.46987954
0.3968788 0.35758635
0.39777794 0.42313665
0.39840603 0.39408576
0.38518098 0.4055986
0.39321172 0.37209204
0.40704933 0.47341067
0.39343628 0.4239025
0.39376628 0.4807724
0.39283103 0.2611392
0.3937981 0.40252203
0.38644096 0.0964163
0.3926638 0.4490814
0.39274132 0.36265364
0.3924647 0.5236338
0.3928154 0.40801623
0.38563496 0.47081313
0.39264715 0.3886914
0.39351514 0.38534966
0.3924924 0.42877355
0.3993951 0.40257046
0.39757478 0.39610234
0.3929661 0.18119104
0.39691508 0.4177491
0.3979757 0.39912546
0.38500357 0.086683646
0.38573313 0.48629764
0.39294094 0.38456658
0.39468133 0.41178384
0.39542258 0.27715412
0.39360148 0.41663232
0.39331442 0.39353177
0.3972449 0.3992863
0.39582908 0.39579722
0.38503668 0.38974294
0.39721543 0.21890219
0.38554555 0.29868996
0.39261156 0.39194852
0.38626897 0.18999368
0.3920471 0.4243604
0.39656693 0.45145762
0.40345603 0.11580375
0.39311826 0.42699516
0.3923058 0.88435394
0.39282036 0.3901055
0.4117203 0.39916816
0.39229307 0.4027502
0.38532415 0.40057623
0.38535693 0.34715286
0.39219773 0.37188292
0.39721078 0.2106071
0.4034561 0.44772452
0.39244568 0.37628898
0.41189915 0.4350508
0.39840597 0.4231306
0.38936418 0.4249582
0.39378673 0.41642976
0.39765728 0.383329
0.38638055 0.48037755
0.39538896 0.19607657
0.40897095 0.40814233
0.40520927 0.36326578
0.39323732 0.40951863
0.3902858 0.30504802
0.4044649 0.33723196
0.38539323 0.47511393
0.39321065 0.0149303
0.3923312 0.35262257
0.38520223 0.16710202
0.40489778 0.44475824
0.40171918 0.3507308
0.38551372 0.41139677
0.38722 0.38915524
0.3866973 0.38965616
0.39352134 0.42751548
0.38501126 0.38748732
0.38925248 0.46299186
0.39245406 0.3456153
0.3909651 0.41624779
0.39318603 0.37786716
0.38887614 0.44270128
0.39294288 0.3495756
0.4105997 0.36176705
0.39376682 0.42733416
0.3923694 0.41370043
0.390265 0.4104449
0.39262655 0.2675303
0.39554578 0.2715706
0.40308136 0.39688897
0.40704927 0.42017335
0.40924624 0.30829245
0.39274332 0.91561365
0.39266634 0.42129856
0.3856492 0.48287877
0.3934372 0.37944055
0.39317408 0.2570736
0.40800148 0.38542336
0.39288104 0.46019003
0.39216396 0.39265558
0.41002694 0.39719066
0.38542944 0.45163742
0.39292935 0.6037952
0.39238852 0.42066598
0.39857173 0.35865122
0.39266175 0.41405976
0.39050555 0.42264158
0.40061155 0.3870775
0.38597012 0.45760754
0.38665694 0.41951352
0.38812703 0.41811582
0.392316 0.4136135
0.3860538 0.47960874
0.39389026 0.40469354
0.39128977 0.3727037
0.40414008 0.45529673
0.39559966 0.33528087
0.39315665 0.4123022
0.39600322 0.45324436
0.3900919 0.4475539
0.3931531 0.41691768
0.42093828 0.21991536
0.39255235 0.41345364
0.38721132 0.4322013
0.40614247 0.3992614
0.39337796 0.38736448
0.39254922 0.3177142
0.3931914 0.49197388
0.3922419 0.3953393
0.38497937 0.69476974
0.39416113 0.45980015
0.3920846 0.3424117
0.3850474 0.21889645
0.40224987 0.62465525
0.38622457 0.34748712
0.39224946 0.42496645
0.39644396 0.45679757
0.39253235 0.34379748
0.39679384 0.32761598
0.39881328 0.42513716
0.3927121 0.4841525
0.4127714 0.41729587
0.39853275 0.2598027
0.39272332 0.4129115
0.41395226 0.39904508
0.39674252 0.30816054
0.3849953 0.4530923
0.39656696 0.41215152
0.38554835 0.12818421
0.3922587 0.39548877
0.39632097 0.3923662
0.3984059 0.41766447
0.38817668 0.32960773
0.3933978 0.41130674
0.39638764 0.70101744
0.39354226 0.44271168
0.39245975 0.42704463
0.3854114 0.39873448
0.39326304 0.3795248
0.39326304 0.3978267
0.41227064 0.42876187
0.39247102 0.39960548
0.39205176 0.45896453
0.38507003 0.42017302
0.39227057 0.3957809
0.39146966 0.11000179
0.38679484 0.15182838
0.39322296 0.38129008
0.3940872 0.3292693
0.3950445 0.2964968
0.39239472 0.43180057
0.3969463 0.4106686
0.3851001 0.37988365
0.38681713 0.48866355
0.3929327 0.4220133
0.38957903 0.39570594
0.41227067 0.44730765
0.39243764 0.4157033
0.38532215 0.3260827
0.39363396 0.36938274
0.3927642 0.387457
0.3913126 0.39053467
0.39472395 0.44419438
0.38813516 0.47602832
0.3865382 0.41914278
0.39249313 0.30741787
0.39241385 0.3498326
0.3924875 0.29757577
0.39586133 0.43105072
0.3927024 0.2722964
0.39338407 0.41493672
0.3973155 0.30215073
0.392274 0.70030814
0.3928154 0.5096562
0.3894369 0.40679204
0.3933109 0.17167065
0.40081316 0.3996336
0.3933344 0.40971923
0.38536787 0.4297729
0.39533716 0.3363831
0.393234 0.41389462
0.3931576 0.24732062
0.3849749 0.38656223
0.4023927 0.32666764
0.39212793 0.41469404
0.40631002 0.41889673
0.38503653 0.39061794
0.38943696 0.4918316
0.3946813 0.41159305
0.3969631 0.31619245
0.39694625 0.43340072
0.39872324 0.7820139
