0.042276803 0.08184419
0.4512989 0.44742385
0.38737577 0.37796697
0.36975214 0.3727209
0.4119131 0.39741495
0.092085585 0.13319103
0.42195103 0.4101975
0.34132686 0.33822212
0.37020198 0.4262308
0.35869008 0.3654613
0.42166302 0.4089616
0.40371072 0.3956921
0.379057 0.38496733
0.40609354 0.4003224
0.43044147 0.4328775
0.38065854 0.38287303
0.23661172 0.24895935
0.46099353 0.45172706
0.40857422 0.40085346
0.42845547 0.4508683
0.42207414 0.69945675
0.20530248 0.21162781
0.29832828 0.31358343
0.42115295 0.6212968
0.43903193 0.43091857
0.39829472 0.39170733
0.39096564 0.3932022
0.12874843 0.14432505
0.15918978 0.20137854
0.417719 0.4124187
0.40424594 0.40629792
0.3355109 0.34630534
0.43337786 0.5784409
0.4403898 0.43064398
0.39028114 0.38507405
0.40586543 0.4039964
0.013091255 0.06321048
0.42617178 0.42236036
0.29024905 0.29442975
0.42542 0.81388795
0.47471952 0.7031281
0.43179414 0.423818
0.34578896 0.33821243
0.40058 0.3983865
0.39384925 0.44829032
0.408831 0.40128198
0.46299237 0.44401693
0.29294655 0.30134654
0.19972685 0.2134816
0.43668884 0.47790924
0.4925842 0.47964442
0.44955203 0.4523709
0.3655442 0.36556715
0.41897327 0.41733164
0.40292674 0.3948175
0.40545097 0.38906282
0.3889894 0.39113116
0.42635983 0.5435065
0.35820103 0.3702427
0.37285894 0.3875096
0.23803572 0.23953709
0.4218194 0.42909372
0.43512446 0.4282574
0.37841555 0.40342963
0.39991686 0.4063599
0.3674624 0.3650719
0.42040834 0.40155882
0.09175348 0.13243857
0.3813193 0.42393202
0.4142725 0.4027927
0.40545315 0.41205284
0.4378139 0.4306123
0.44196507 0.42102715
0.477849 0.4601161
0.45585474 0.44152877
0.26633808 0.28024328
0.36766353 0.369897
0.40372032 0.6305559
0.35369092 0.36554325
0.47319117 0.45758545
0.44160518 0.4329769
0.44439787 0.4398307
0.42292953 0.41511312
0.44138682 0.4243138
0.21138993 0.23848669
0.38742477 0.3814049
0.38390526 0.56646484
0.48007366 0.6815533
0.3999755 0.39592507
0.4172472 0.41604263
0.37409198 0.7680552
0.12929624 0.15491831
0.37033165 0.3708969
0.09222664 0.12521027
0.4162162 0.41253874
0.3663538 0.36000428
0.3882295 0.39556268
0.4617729 0.46160316
0.41210043 0.41614765
0.4685451 0.4726988
0.38513368 0.3884469
0.40966538 0.40331274
0.40825486 0.41364303
0.41041327 0.40793154
0.40800816 0.41002008
0.374224 0.37503085
0.44938862 0.44885045
0.41241968 0.41098022
0.4554105 0.4182317
0.41410434 0.41457376
0.40590975 0.3996292
0.38896132 0.3805569
0.39947402 0.40053323
0.40654963 0.40940368
0.17409636 0.20574193
0.4767911 0.4488901
0.43742925 0.42880493
0.30654293 0.2717998
0.39165536 0.40848675
0.36748594 0.35448304
0.3816167 0.39512637
0.38886923 0.37734175
0.4026999 0.54054374
0.41772944 0.41527712
0.49474788 0.48132965
0.41801053 0.419478
0.042596053 0.0975588
0.35048556 0.33724043
0.42077354 0.4215536
0.461069 0.45585135
0.41498226 0.42328593
0.33259004 0.33041057
0.13385065 0.16134587
0.36996043 0.36555877
0.23003352 0.24601029
0.40518254 0.40584597
0.40310133 0.38762587
0.43288678 0.43078902
0.27101448 0.2781074
0.28507042 0.2851618
0.32744074 0.32320517
0.39891735 0.3951023
0.1912805 0.17207724
0.16009443 0.19633135
0.39844987 0.39021623
0.3449114 0.3281044
0.4099052 0.4109339
0.30890876 0.31847325
0.20920275 0.21542351
0.22666359 0.2423392
0.3705217 0.3599189
0.42455107 0.41991365
0.40127182 0.4051828
0.41457283 0.73091656
0.37462932 0.37400043
0.42137635 0.4171604
0.46581733 0.45430568
0.2866915 0.3344816
0.4558755 0.45330325
0.45193315 0.43711135
0.4200938 0.4154869
0.43105963 0.41435665
0.4360417 0.43785578
0.35006556 0.34704584
0.4038635 0.4055986
0.39505747 0.38574547
0.4332386 0.43547425
0.4031366 0.3958757
0.24827248 0.26372173
0.41281554 0.40659738
0.25388455 0.28481376
0.34725583 0.34908366
0.3821774 0.38864386
0.38803202 0.39794305
0.14212385 0.17092654
0.45000994 0.44267786
0.45040864 0.4421546
0.37515238 0.37702674
0.40186724 0.43133262
0.4080764 0.80369806
0.4652065 0.7091713
0.32609513 0.33005604
0.46202356 0.44856212
0.37982515 0.38292396
0.3229445 0.35082212
0.42877722 0.6233356
0.44028062 0.42725238
0.36159205 0.3754121
0.12676777 0.15585612
0.30325586 0.31040543
0.406528 0.40093067
0.42181614 0.433584
0.40678185 0.42891517
0.40107006 0.4030198
0.38858372 0.3730859
0.46174866 0.45411265
0.41192088 0.41584766
0.40353346 0.39831552
0.40434152 0.40904942
0.22212183 0.23935409
0.32449606 0.33264458
0.4365833 0.43683714
0.4629571 0.4462275
0.38262063 0.37307304
0.38239354 0.37563685
0.122030795 0.1464047
0.38931438 0.41229412
0.42537314 0.42087406
0.45048857 0.44680303
0.2617028 0.25368634
0.39134014 0.40319577
0.44018105 0.43405768
0.35948092 0.34823507
0.37616736 0.3755398
0.48211864 0.67228925
0.41149458 0.3934288
0.44009304 0.4303192
0.47702667 0.45545688
0.37504935 0.36835474
0.4175916 0.42867646
0.21321586 0.31655788
0.28034747 0.29654247
0.44258496 0.43942836
0.36502028 0.36495394
0.29856044 0.29906723
0.47949606 0.462652
0.48065305 0.4640563
0.23117873 0.23795244
0.34975094 0.36032075
0.3625055 0.3529645
0.32367182 0.3357441
0.46366894 0.4503397
0.28231156 0.2883452
0.41403472 0.40740508
0.40228432 0.41045392
0.39463258 0.39579722
0.37335587 0.37248012
0.38924652 0.3937978
0.3869421 0.3773003
0.40727854 0.40127924
0.4100572 0.41798356
0.37841308 0.42759264
0.41586637 0.43878743
0.49077258 0.4771159
0.38101384 0.38707927
0.30896282 0.32703122
0.46273425 0.45242628
0.45872515 0.44111153
0.41577908 0.41009316
0.42241293 0.42236805
0.44765052 0.44066525
0.36533657 0.35831916
0.40616423 0.4010443
0.37638602 0.38623253
0.4461041 0.44180122
0.32662594 0.32927603
0.36727062 0.38570347
0.24178444 0.24724756
0.43708622 0.4362335
0.17669302 0.18837701
0.41447318 0.41889694
0.41298586 0.42200688
0.44888258 0.4597356
0.45056355 0.62249875
0.21122879 0.21760957
0.46401918 0.45435655
0.49732974 0.48676768
0.1260411 0.1486275
0.36717367 0.35517347
0.4797191 0.46205306
0.40160424 0.39852655
0.37293285 0.37167478
0.34509256 0.3240522
0.4867022 0.46690074
0.41690594 0.42210862
0.3200515 0.30229196
0.34506133 0.33300063
0.4760027 0.45647794
0.31935507 0.33784068
0.38578877 0.40432063
0.3834651 0.3785071
0.36661908 0.36050108
0.3240712 0.32951313
0.3957409 0.389431
0.46148092 0.47393793
0.42730838 0.41359538
0.39442253 0.39727548
0.4184627 0.41299012
0.42367798 0.42224845
0.5068424 0.483357
0.38265985 0.37869456
0.41749918 0.57566786
0.35289812 0.4093419
0.16023192 0.17790952
0.20953736 0.21376164
0.33853254 0.38494503
0.3894279 0.41396612
0.41358775 0.4006592
0.13857433 0.17869183
0.4266095 0.43298772
0.42611283 0.41762888
0.39301282 0.3884574
0.3748048 0.39650667
0.016684849 0.06706483
0.36199299 0.362357
0.43737093 0.42567062
0.4423287 0.6136644
0.49558535 0.4808205
0.4140789 0.41540468
0.43354118 0.4452557
0.39408618 0.39097786
0.43404907 0.4286847
0.4277163 0.432567
0.48364374 0.47297964
0.2015399 0.26109505
0.4967973 0.48347557
0.37967426 0.40322098
0.40888003 0.41675398
0.443432 0.41884074
0.41467214 0.38428167
0.35253102 0.34500992
0.37814343 0.38115826
0.42875135 0.4262443
0.35904366 0.3595379
0.43463582 0.44392323
0.4212024 0.42428243
0.22717644 0.25169915
0.28253916 0.28551167
0.4399132 0.43564674
0.430759 0.42922744
-0.01007596 0.015827898
0.39231932 0.5372228
0.4397043 0.51687324
0.33080876 0.3143828
0.42860264 0.42721623
0.25432384 0.2472218
0.43257657 0.43590322
0.34669363 0.33722675
0.28477216 0.28247735
0.42619377 0.42466345
0.3982072 0.3881064
0.4932532 0.4904466
0.20982501 0.21990573
0.28426868 0.29139882
0.37353137 0.36856905
0.41435894 0.40384597
0.44374466 0.4516036
0.49055016 0.47519088
0.35977578 0.35627353
0.36798882 0.36588478
0.4849239 0.4661594
0.22521916 0.24036284
0.42274955 0.42274168
0.47202066 0.46299648
0.12736343 0.15485552
0.300987 0.31538922
0.41892558 0.41835466
0.41498742 0.41925585
0.44187027 0.44813555
0.36176062 0.36214235
0.12184699 0.16438119
0.37831452 0.36885536
0.48713878 0.48493814
0.35588467 0.40466124
0.40799814 0.4642414
0.14811474 0.16425937
0.384162 0.39420527
0.2490108 0.2642024
0.49796152 0.47815645
0.4447779 0.4519307
0.36172295 0.3591312
0.4091803 0.40185237
0.41270316 0.41700155
0.43801028 0.4605184
0.42487764 0.4161982
0.38758978 0.38897976
0.4248485 0.41815993
0.40385172 0.64738065
0.47698915 0.46668643
0.3986488 0.39492235
0.15211038 0.14203729
0.410376 0.40642202
0.44222897 0.43456694
0.3804663 0.38080856
0.11192301 0.14468265
0.41412333 0.41661483
0.38512212 0.37402564
0.4619426 0.4696956
0.4599401 0.539067
0.4086911 0.40837607
0.44325104 0.43987867
0.34929758 0.45125547
0.34845033 0.36008728
0.42681292 0.42125687
0.42242014 0.423409
0.4392391 0.44158155
0.16893946 0.21687388
0.4142744 0.42798728
0.46553084 0.45036033
0.4286363 0.42633876
0.3820956 0.3712434
0.41641045 0.43105483
0.2215718 0.28313038
0.48371464 0.46886498
0.39219958 0.3863624
0.41965464 0.40868723
0.24369141 0.25739515
0.3411039 0.33858427
0.44932348 0.44206536
0.39721915 0.39188793
0.47463858 0.5070806
0.48605168 0.47080266
0.38710335 0.40757295
0.11951268 0.152904
0.21216983 0.23177631
0.32380304 0.32849047
0.4342869 0.5801373
0.4947433 0.48165494
0.4134354 0.41965926
0.41148835 0.41420814
0.4038877 0.6669498
0.13409944 0.15992026
0.43382433 0.43603337
0.41214675 0.40565068
0.4185916 0.41231456
0.3392936 0.41901943
0.4240253 0.6390363
0.54415566 0.49455065
0.38295317 0.37672308
0.40284908 0.42292675
0.49779406 0.4847314
0.40921003 0.4083547
0.13625416 0.18547557
0.3969286 0.36707634
-0.00030188262 0.045647837
0.2305061 0.23805392
0.4141659 0.41141266
0.360825 0.3660449
0.42791477 0.41602522
0.4341267 0.43466288
0.03741842 0.081096776
0.35517943 0.34625325
0.40089995 0.4042844
0.40652055 0.41500726
0.40547267 0.3920513
0.4267484 0.4229619
0.37160337 0.37316415
0.41199547 0.40310365
0.43223652 0.45634672
0.35410863 0.3832309
0.5054591 0.4449917
0.1394286 0.17088072
0.47650743 0.7002056
0.383618 0.39941302
0.33961472 0.34276617
0.2272479 0.23296194
0.35944873 0.36160114
0.3588888 0.36043182
0.4691722 0.45645604
0.4245242 0.41568306
0.415819 0.4158513
0.4476266 0.43033087
0.31029826 0.35516623
0.44052142 0.45528582
0.3733946 0.36195523
0.31599706 0.32293338
0.37096846 0.37098128
0.42398012 0.41321915
0.40064353 0.39798045
0.4094308 0.39795625
0.33628482 0.33820003
0.36791435 0.36337596
0.39036578 0.42250508
0.3488926 0.3727037
0.43696836 0.443452
0.39229074 0.3892516
0.0061883777 0.04554027
0.40825704 0.404806
0.36296377 0.3619585
0.31358364 0.30033758
0.36713496 0.37274954
0.39649388 0.3887629
0.29489613 0.3104725
0.44582975 0.44445142
0.4180339 0.41241387
0.24292818 0.24534234
0.41819754 0.42125475
0.15377326 0.18094197
0.43404675 0.561248
0.36645317 0.74831194
0.23737705 0.2685199
0.40818173 0.41173643
0.20748684 0.2145374
0.5322871 0.42746338
0.19720338 0.20839636
0.25518677 0.26961192
0.40531713 0.39173797
0.3764666 0.37738737
0.3615619 0.4088102
0.4102093 0.41197494
0.566236 0.5218516
0.41806877 0.4189927
0.3714295 0.38222906
0.4151961 0.40951106
0.39995095 0.39456192
0.48721007 0.47963187
0.39468157 0.39434358
0.43409568 0.42294228
0.3985983 0.39994964
0.37516224 0.37682465
0.44932503 0.444191
0.25773674 0.295947
0.27163213 0.27736908
0.3888053 0.3846464
0.22607371 0.25423014
0.43349966 0.41215006
0.4012661 0.39690396
0.20932692 0.30550846
0.3571667 0.34604657
0.15280028 0.16340105
0.41776103 0.7559221
0.25510922 0.25874725
0.43104288 0.43256462
0.40423816 0.44087422
0.42446715 0.4188095
0.41618764 0.42996165
0.3673219 0.3778983
0.32413775 0.30339766
0.38832468 0.386761
0.46130547 0.44719622
0.4037405 0.41771832
0.3918694 0.38878828
0.43029845 0.44980857
0.3847611 0.39253622
0.3881601 0.37873223
0.34212396 0.33483705
0.39987713 0.42327818
0.2620288 0.27623704
0.4744064 0.47664636
0.41455323 0.42709395
0.39777306 0.38545913
0.3885558 0.3887997
0.4796602 0.5124795
0.32443768 0.33346835
0.39601135 0.39093545
0.4206598 0.41326386
0.47962257 0.5225708
0.5111922 0.4937494
0.40322694 0.39719623
0.35575223 0.37479663
0.42736295 0.4215551
0.43820494 0.42557013
0.4083215 0.40967777
0.36496362 0.60673827
0.36590496 0.3592692
0.3851543 0.39221558
0.2710256 0.32055074
0.17807397 0.2811206
0.19221883 0.2099052
0.3898629 0.41481754
0.40110752 0.39992285
0.43925792 0.42928964
0.0063378774 0.11171065
0.39443457 0.39823386
0.32463783 0.33021593
0.45134726 0.4496155
0.32234925 0.34097725
0.41862208 0.4119638
0.39019293 0.38285124
0.40751684 0.40380692
0.14108397 0.16138293
0.5028994 0.47221524
0.3878158 0.3859753
0.18027358 0.21038744
0.3833518 0.38916764
0.19795035 0.23617697
0.44373906 0.43445203
0.38711423 0.3952965
0.4046478 0.40524876
0.43132797 0.43404716
0.446838 0.4455278
0.43199798 0.44218925
0.4137556 0.4196511
0.4481097 0.4357248
0.42199832 0.46490037
0.4874872 0.46737397
0.15805236 0.21079682
0.4116623 0.42544603
0.44812185 0.44230002
0.3817738 0.3581542
0.22093506 0.24807376
0.42327 0.41793352
0.3430758 0.34861097
0.2544273 0.258254
0.38308138 0.39769733
0.41239166 0.42062894
0.40019155 0.41398206
0.22960672 0.2533474
0.40686405 0.40183622
0.4323694 0.42771757
0.31459683 0.3283681
0.39925116 0.39817905
0.2781538 0.27636263
-0.035940822 0.022038655
0.19737895 0.2107479
0.17673579 0.20027421
0.33886102 0.3403274
0.42982173 0.42940176
0.431489 0.40727124
0.42547977 0.42551866
0.19214396 0.21246158
0.4473037 0.43516183
0.38513568 0.38121846
0.2325344 0.26192906
0.43743768 0.43537882
0.21136093 0.5149088
0.5035016 0.6016676
0.3913487 0.38725612
0.3471825 0.34127003
0.38774624 0.38796857
0.32495552 0.31923425
0.19275984 0.1842717
0.082018495 0.10644361
0.43900168 0.4200677
0.4473441 0.44234523
0.3629456 0.35236743
0.4631292 0.4577521
0.3822017 0.41747954
0.35108522 0.3443939
0.17134377 0.19913201
0.49791074 0.48095968
0.42414588 0.41966113
0.44230038 0.434485
0.3438635 0.35112467
0.38508514 0.37655354
0.16918103 0.21832559
0.35497868 0.68035877
0.39685833 0.39444315
0.39948583 0.38155928
0.12957661 0.15584038
0.35428932 0.345155
0.39590204 0.38574132
0.38925713 0.6589357
0.40069637 0.42711827
0.4134518 0.40336
0.36839387 0.37912586
0.24094146 0.2532686
0.4273728 0.42812017
0.47611746 0.4568324
0.09405677 0.13211814
0.4205106 0.4152186
0.37666267 0.3826753
0.25625107 0.30046424
0.37058848 0.37472823
0.37885517 0.3784692
0.35447228 0.34931287
0.3265342 0.33051893
0.45590365 0.45050794
0.44009247 0.41686597
0.40674818 0.60032934
0.4622538 0.45094985
0.46614087 0.45872018
0.40399328 0.40887928
0.45268103 0.44977537
0.19359592 0.20980783
0.23620108 0.22724803
0.44721895 0.41698268
0.40109375 0.42861012
-0.00768736 0.037082974
0.45074287 0.4227707
0.13903928 0.1733619
0.5155223 0.449225
0.3920604 0.39117083
0.48905912 0.47409204
0.4627424 0.45262885
0.2565489 0.2644556
0.35433495 0.6238616
0.34344828 0.35974896
0.45747972 0.440252
0.4192806 0.52462465
0.45360845 0.55097854
0.37258917 0.39430776
0.40364483 0.40865633
0.434063 0.42541018
0.44210562 0.43932205
0.46089697 0.45800418
0.31096017 0.32972035
0.42255843 0.4209187
0.47496545 0.6398091
0.37656912 0.36845142
0.390309 0.38189003
0.3489703 0.3724647
0.2983151 0.28309575
0.33547446 0.36068407
0.43782365 0.5326938
0.42471808 0.42093077
0.49001968 0.47666004
0.39188465 0.388657
0.35503098 0.37833375
0.23493375 0.2519233
0.07631973 0.0906498
0.40092593 0.39755863
0.37517107 0.3919869
0.3030555 0.28393728
0.12910664 0.1590699
0.017086398 0.13746908
0.40671194 0.4164141
0.2129547 0.2272296
0.4133757 0.4102696
0.42950183 0.43236053
0.36064214 0.36665568
0.3306538 0.34951138
0.44926375 0.65237445
0.16450593 0.18967918
0.3568472 0.3417934
0.48434913 0.4685935
0.42832083 0.42705014
0.4547092 0.61163974
0.3901131 0.39178565
0.31604266 0.31086865
0.42595154 0.4314719
0.37360033 0.37410513
0.39815405 0.39104852
0.40748394 0.4070116
0.4658965 0.45783117
0.34972203 0.35528532
0.36435068 0.36701527
0.43957818 0.43254608
0.13971807 0.1483841
0.37044394 0.36176705
0.46883047 0.55344415
0.39742002 0.39155036
0.36104503 0.3539481
0.26302093 0.27473184
0.4094557 0.4093458
0.42274967 0.41951993
0.34705484 0.36265686
0.42503923 0.5259969
0.47856638 0.46329296
0.14519253 0.1695928
0.41220862 0.41136622
0.486906 0.4791902
0.41318202 0.40419495
0.28293118 0.29432562
0.12072882 0.16656287
0.44055054 0.4358066
0.40134674 0.40417138
0.44271344 0.4404049
0.38696167 0.371231
0.4016806 0.40229142
0.28168416 0.287916
0.3528093 0.33932233
0.3270379 0.3273635
0.42832384 0.42332682
0.3931141 0.7772666
0.39987296 0.3868978
0.4885254 0.4668972
0.48335436 0.4622926
0.42811042 0.40811086
0.36678737 0.34234074
0.40699503 0.40888232
0.32425407 0.30567297
0.3911548 0.40980554
0.41971642 0.40088832
0.37879774 0.3794043
0.47967342 0.45859128
0.42770764 0.50315183
0.43213558 0.44481596
0.4317005 0.4179924
0.41074598 0.40929845
0.41442874 0.43976074
0.35494465 0.37032157
0.37749285 0.36824965
0.4569588 0.5235286
0.46564826 0.54830396
0.40646422 0.5327288
0.45862103 0.4606755
0.48033953 0.4653809
0.39264327 0.3849579
0.20139185 0.22211745
0.47317612 0.4481756
0.43355858 0.40896675
0.3234074 0.32660717
0.4596474 0.4493961
0.48125577 0.4855246
0.41992098 0.5340156
0.39648336 0.3914857
0.3357445 0.31267717
0.34667617 0.34076285
0.4316143 0.4404913
0.42597723 0.4160101
0.42523962 0.42023712
0.40719295 0.4111664
0.4262821 0.40679514
0.22438595 0.24804704
0.41030172 0.4028997
0.40126997 0.39209485
0.4706127 0.46887556
0.41763547 0.41987348
0.38777938 0.39947063
0.4017837 0.43442377
0.34577572 0.34973878
0.40440544 0.40539247
0.124023825 0.1555604
0.4648055 0.5585029
0.43754524 0.56830984
0.4003045 0.40651253
0.43373883 0.4320276
0.43932652 0.46114114
0.39905268 0.39485395
0.24171337 0.26470456
0.10635382 0.12966144
0.48355353 0.46400195
0.37855583 0.38191202
0.27375266 0.31256542
0.4540055 0.51732373
0.40150252 0.41244665
0.2360915 0.2655631
0.40096328 0.40142447
0.40109372 0.4012617
0.36612016 0.36306378
0.32787827 0.34615794
0.38240814 0.38665617
0.34701088 0.35040802
0.4303187 0.3876356
0.42949662 0.4054579
0.42743748 0.4056358
0.42310965 0.43400553
0.47233397 0.5039188
0.3980522 0.3991731
0.17085557 0.17902869
0.12118591 0.14229003
0.40583998 0.70555156
0.4435755 0.54734486
0.4021412 0.38128147
0.3230791 0.34271112
0.35586536 0.36235532
0.49024612 0.6018002
0.28050599 0.31061503
0.4029058 0.3946946
0.0589796 0.1054053
0.40832123 0.4218022
0.3905418 0.3912761
0.27969062 0.3106813
0.3727299 0.37252268
0.36818394 0.3705387
0.3678198 0.7769896
-0.017253827 0.051951576
0.40684086 0.44266316
0.25762033 0.25414208
0.40080374 0.3984317
0.40595466 0.50248873
0.38611633 0.38087583
0.3034895 0.30603433
0.40367913 0.41280642
0.3962051 0.39274013
0.48450273 0.47842568
0.35117936 0.3419216
0.47901642 0.4609647
0.38621476 0.40818003
0.11178507 0.143582
0.38027343 0.38063645
0.42036343 0.6755126
0.4005673 0.3993019
0.48069292 0.4610327
0.39467263 0.40662917
0.40283725 0.4088701
0.39472753 0.73633385
0.43273574 0.43443882
0.4972424 0.48271173
0.47810924 0.46113765
0.47631532 0.43673146
0.4125256 0.4240694
0.40233317 0.3897714
0.39527956 0.80267173
0.33565953 0.34405953
0.39417464 0.39431843
0.44517663 0.43336895
0.04184441 0.09870264
0.4146244 0.4135441
0.24678645 0.2736745
0.42704505 0.42504865
0.40311685 0.40073708
0.24818733 0.26962283
0.35923535 0.3546716
0.41783166 0.7112346
0.2829515 0.29871008
0.19839685 0.2213178
0.1224208 0.1509874
0.36660337 0.38214722
0.38510013 0.39039612
0.3973177 0.39938158
0.13205689 0.14268047
0.1612717 0.18432172
0.20938042 0.24673451
0.41851962 0.42308235
0.41074604 0.40999246
0.42637813 0.4261008
0.4014948 0.3936152
0.44179797 0.4362913
0.1340235 0.1622138
0.42697012 0.4282894
0.43798167 0.60257095
0.057290465 0.111185364
0.008793682 0.04910891
0.44232473 0.4433422
0.4510128 0.44035596
0.44248417 0.5424409
0.5129482 0.4856021
0.40112752 0.4046308
0.46830934 0.45181316
0.41099977 1.0
0.16027552 0.1559674
0.37964305 0.3826146
0.3982713 0.39053825
-0.028816309 0.017787308
0.42652035 0.4264502
0.4154446 0.3970719
0.4990329 0.47837612
0.46017256 0.61591303
0.40771604 0.4051108
0.4155858 0.4031242
0.4398851 0.43095928
0.34595013 0.40401348
0.3610804 0.36272702
0.36582732 0.3846107
0.3968629 0.3930356
0.403529 0.4018707
0.41069907 0.4014709
0.28921407 0.3019502
0.22821109 0.25394037
0.24095272 0.24664569
0.34098953 0.35366002
0.15168324 0.16706717
0.1934092 0.21061575
0.4225828 0.41740447
0.4172565 0.4434785
0.4174704 0.4185679
0.38447553 0.3795251
0.37909907 0.3939973
0.40417764 0.4088479
0.42594725 0.41037485
0.3787179 0.38568977
0.22573307 0.23600803
0.46876281 0.45389917
0.49622032 0.47734204
0.37516856 0.36383814
0.36107272 0.3603113
0.38739854 0.3831132
0.37756026 0.3726027
0.19208787 0.28742486
0.4843125 0.46399662
0.39527863 0.8581558
0.37494546 0.37905294
0.42713562 0.42160028
0.41335565 0.46114618
0.36551315 0.36380184
0.45568836 0.4726106
0.43048579 0.42406836
0.38760334 0.3750135
0.470721 0.64992034
0.42526108 0.4652619
0.34781718 0.32859355
0.46743304 0.4578874
0.3643949 0.3646308
0.4591823 0.46816862
0.26111415 0.2616447
0.29368788 0.33214566
0.42203912 0.42667636
0.40580454 0.43853468
0.2515999 0.27937564
0.4462121 0.6005536
0.3506776 0.3374389
0.432666 0.4287705
0.41387022 0.4144436
0.46638587 0.46622685
0.35019225 0.35302427
0.48592046 0.4716045
0.31233862 0.32093167
0.4349023 0.4354765
0.41963822 0.4242256
0.29502708 0.2953203
0.41392457 0.425854
0.35812867 0.38476145
0.49293038 0.4768947
0.49115506 0.48164406
0.4348797 0.43312535
0.4471426 0.4169091
0.41449133 0.4133497
0.38241568 0.3763111
0.46189204 0.4509232
0.31314668 0.31873342
0.49948773 0.486088
0.39888245 0.62465525
0.42242098 0.41459143
0.22795168 0.24194452
0.4238677 0.4307351
0.32844302 0.32202467
0.44741476 0.474268
0.4600114 0.45219502
0.47723463 0.4655957
0.3861427 0.3890416
0.3090279 0.31137362
0.39358914 0.3908122
0.4388502 0.42818958
0.3687082 0.3517156
0.46610075 0.6964635
0.31101397 0.31895825
0.33350238 0.33078933
0.2771057 0.27243876
0.39478242 0.3961869
0.4994382 0.6218811
0.35903004 0.35290012
0.38686973 0.38745487
0.47971356 0.52063113
0.48179847 0.46511164
0.18281952 0.22782196
0.37655088 0.37697944
0.49206167 0.64255106
0.38393444 0.37022603
0.40768623 0.40515897
0.36076644 0.37549418
0.46308082 0.45038903
0.3962464 0.3924714
0.38519922 0.37552556
0.27012494 0.28099862
0.42605788 0.42541808
0.38943368 0.38425243
0.3749475 0.3849243
0.40410027 0.3930097
0.41462296 0.41169983
0.42890278 0.4464944
0.17173636 0.19595768
0.4530797 0.44316658
0.3362306 0.34265804
0.40298015 0.74337065
0.4300313 0.4266575
0.41017732 0.40306023
0.43388915 0.4391999
0.3692863 0.52970695
0.34974158 0.34899518
0.4876855 0.46737593
0.39465004 0.4026709
0.4066279 0.40686616
0.37970084 0.3952452
0.4507329 0.44830424
0.40322262 0.90862095
0.33783785 0.34869057
0.2064685 0.21921632
0.3581609 0.35884085
0.3609253 0.35753807
0.4103502 0.406541
-0.024754848 0.027704919
0.22975835 0.277902
0.4426629 0.4452705
0.41129702 0.3947489
0.42673647 0.41187182
0.15284812 0.20503816
0.40216732 0.4067565
0.43894732 0.43264604
0.414505 0.4032234
0.41314483 0.41209745
0.47160482 0.46485507
0.20543888 0.23289655
0.42346796 0.41837078
0.19893499 0.2176523
0.38972303 0.39875147
0.38420612 0.3865977
0.097998336 0.13834853
0.41939682 0.42253503
0.46386266 0.46088162
0.37023163 0.3752711
0.38808304 0.37884748
0.09628238 0.13930003
0.4282238 0.4274672
0.16189834 0.16418573
0.4115911 0.4139215
0.4473157 0.45082468
0.4180956 0.4180921
0.4126465 0.41386455
0.37774062 0.3858067
0.41783538 0.38354388
0.4178149 0.41084304
0.38695842 0.4003883
0.38274604 0.38351575
0.2510478 0.27133095
0.43846366 0.41882065
0.07908027 0.10937727
0.34026513 0.37603506
0.22421333 0.25848213
0.2391008 0.24101561
0.4080817 0.49862266
0.32474232 0.35283646
0.37624168 0.3703334
0.37202343 0.3775775
0.30168998 0.29652795
0.20240554 0.2255056
0.47559416 0.5592581
0.37432662 0.36754832
0.41102156 0.41043013
0.4219138 0.41140434
0.41527915 0.5876496
0.41542196 0.41188273
0.41043347 0.41052562
0.4575131 0.52633035
0.25347215 0.2679267
0.40864038 0.45275915
0.28189164 0.31540242
0.34586477 0.31836456
0.3799895 0.39045691
0.4105239 0.40968072
0.3988551 0.4051955
0.47967875 0.4665106
0.41691187 0.4167934
0.07036858 0.17389874
0.45970863 0.4502528
0.33316508 0.3456153
0.41774264 0.4157533
0.42036867 0.4330332
0.4342011 0.42038625
0.4220199 0.42536366
0.19434565 0.20692968
0.38860908 0.38096398
0.39059013 0.39835036
0.1609856 0.186306
0.39974278 0.39283624
0.40881884 0.4217673
0.36496526 0.37311953
0.40152803 0.39774236
0.39487106 0.39233306
0.4282263 0.4126982
0.43713 0.4400909
0.38204452 0.41972616
0.48758402 0.47029725
0.37216133 0.37931556
0.47257817 0.45997405
0.48859853 0.47410592
0.41943926 0.4724628
0.4351371 0.4392572
0.45155066 0.45142454
0.37690622 0.38076466
0.3380605 0.35121617
0.39146727 0.3897646
0.35697818 0.34538698
0.3530377 0.35502142
0.23106602 0.25030452
0.43039596 0.42961985
0.47292867 0.47013593
0.4452848 0.44891003
0.509794 0.47830623
0.4204368 0.41217765
0.45291796 0.48961106
0.4053278 0.42065513
0.41597894 0.4032808
0.47179765 0.47051018
0.4264568 0.410036
0.21849804 0.23264773
0.41723996 0.41433233
0.3788123 0.3723798
0.14608468 0.3012273
0.23986696 0.25598913
0.25380698 0.25558412
0.23033497 0.25480333
0.31424978 0.3230627
0.4346043 0.4304761
0.44057006 0.4614485
0.33792484 0.3245781
0.46595907 0.4553649
0.44861984 0.41664302
0.38930902 0.3990293
0.40872353 0.39972937
0.41179463 0.81490725
0.34720087 0.3447469
0.3699623 0.37255827
0.4085503 0.4141883
0.39435667 0.39941457
0.43463227 0.4178638
0.2505787 0.2665967
0.35792202 0.47541112
0.4323707 0.42252615
0.43520352 0.434649
0.4190215 0.45226505
0.4280665 0.4168649
0.48242489 0.46634778
0.3067016 0.307303
0.31407523 0.2583478
0.44411117 0.4315312
0.42186064 0.404399
0.40841907 0.4151688
0.32940853 0.3294011
0.36674064 0.3784946
0.40795094 0.41273615
0.43546426 0.44387838
0.33930165 0.34576416
0.3089788 0.31115577
0.4228999 0.42502487
0.40876245 0.40695384
0.49158984 0.4700478
0.35184783 0.3547894
0.40662998 0.40993547
0.36424094 0.39411435
0.37899897 0.3745827
0.47884226 0.45098135
0.358634 0.3497153
0.37535605 0.36377084
0.3911839 0.3887619
0.4110338 0.46750736
0.41566116 0.41419324
0.33440816 0.34164292
0.38844216 0.9021451
0.40249574 0.39864558
0.5508067 0.60361594
0.48924738 0.5100732
0.47628802 0.47535345
0.4644938 0.73120886
0.36979288 0.36259925
0.4289652 0.43389976
0.35766834 0.3592522
0.41888708 0.412105
0.43913049 0.4345348
0.4042266 0.3963593
0.3970859 0.39243826
0.36532405 0.3637637
0.39347154 0.38762677
0.2923841 0.2870628
0.39026296 0.39209712
0.4848848 0.46787506
0.34619927 0.35510987
0.22666493 0.2540585
0.39782548 0.39523983
0.25417006 0.27800348
0.21630034 0.22352211
0.43718964 0.44164258
0.34604806 0.33870414
0.43068147 0.42580184
0.45143196 0.44435176
0.384316 0.39576852
0.43443567 0.44544435
0.4880495 0.46233377
0.41290748 0.41465816
0.45671076 0.45748863
0.48132777 0.46825823
0.41609395 0.40918913
0.5037911 0.47670057
0.3625592 0.3623916
0.24814461 0.25778118
0.3702646 0.40659904
0.348633 0.33452272
0.39236546 0.38484815
0.38861036 0.39474002
0.374646 0.37927487
0.44001004 0.42147365
0.46035004 0.5670265
0.2778161 0.30018476
0.3862567 0.6552426
0.44232294 0.4242624
0.4097786 0.40996084
0.4167557 0.42824718
0.4737786 0.4678479
0.49008846 0.4764283
0.4000357 0.39579722
0.14460285 0.16645819
0.40175176 0.41139334
0.41602963 0.42317343
0.33563828 0.3226672
0.39564562 0.39631456
0.3928032 0.39577338
0.40302658 0.40154704
0.45264626 0.6290786
0.40583217 0.42462495
0.42935163 0.4068671
0.31048715 0.31201783
0.39943892 0.4004419
0.46061072 0.43230447
0.41596 0.6994304
0.15047331 0.1653853
0.47445905 0.45430985
0.40357614 0.39672622
0.3462726 0.34862626
0.23413728 0.2494139
0.4156434 0.42595568
0.43427163 0.38583404
0.4678469 0.4737009
0.4852569 0.49106526
0.3625046 0.37459815
0.39863545 0.38441303
0.40167403 0.43450907
0.38255793 0.39429936
0.17586853 0.22650774
0.21296854 0.21923107
0.4408288 0.423183
0.3659186 0.39797223
0.0830134 0.10370429
0.35294074 0.3516063
0.3926431 0.394406
0.3434089 0.33598834
0.3769185 0.38012064
0.3890448 0.39326194
0.48209998 0.4664239
0.22070727 0.23706315
0.38651317 0.38580877
0.2539808 0.26910016
0.487054 0.4770002
0.38462034 0.37923607
0.15520032 0.20685807
0.40162498 0.7076642
0.38555276 0.39584973
0.611663 0.7057194
0.40129822 0.39380246
0.3252104 0.3269342
0.49048594 0.47333723
0.35654938 0.3475065
0.47876054 0.45756495
0.39267084 0.40285507
0.20259616 0.29765055
0.41381723 0.41386628
0.43675 0.43138927
0.41974038 0.41510406
0.2941318 0.30812928
0.37533778 0.4229444
0.35236698 0.34761
0.35661983 0.35679993
0.13907461 0.16466874
0.41249794 0.40228263
0.40302563 0.38370714
0.45112348 0.44434965
0.40831912 0.40939036
0.43227446 0.42472723
0.41321495 0.41315663
0.42603484 0.41901883
0.38580203 0.62584543
0.38682738 0.3948559
0.4574355 0.5129993
0.44237554 0.5708824
0.4471692 0.4399774
0.42182618 0.4135459
0.3947663 0.39908254
0.09429316 0.14472583
0.42850864 0.40354407
0.4283027 0.42088485
0.43200707 0.47116968
0.59865844 0.56385565
0.48804504 0.47882605
0.40189397 0.40060458
0.28138125 0.25716206
0.32831585 0.34353724
0.37467346 0.37693682
0.39688402 0.39071465
0.38472104 0.85247135
0.48628083 0.4616783
0.4555109 0.52018106
0.4798637 0.48227128
0.06808409 0.121375814
0.48537558 0.47583196
0.39882326 0.39923736
0.31517684 0.325358
0.5029351 0.4932389
0.3671074 0.3431337
0.42967337 0.44143414
0.092562735 0.09654139
0.39165303 0.38102508
0.45379514 0.55077857
0.42592177 0.440829
0.37100154 0.38720042
0.25512242 0.27483082
0.22897905 0.24998324
0.38338727 0.38810802
0.45617807 0.44965172
0.33787596 0.34647763
0.40982968 0.40242597
0.46284264 0.6559481
0.23222643 0.24332967
0.32873905 0.348126
0.505068 0.48798013
0.39695308 0.3850132
0.38795048 0.37751386
0.3906205 0.39609164
0.3638578 0.35966697
0.4780203 0.4582985
0.2877657 0.32041818
0.4229915 0.41911277
0.43035883 0.42608774
0.25746205 0.263556
0.3695659 0.37205872
0.41472185 0.4115783
0.40540406 0.40447733
0.2533317 0.33190197
0.35034162 0.35412782
0.24656498 0.26015234
0.3628673 0.8713595
0.11571388 0.13727061
0.3659977 0.38567454
0.46598184 0.4555775
0.37583226 0.37432337
0.34142426 0.33960736
0.40739945 0.40726256
0.41042903 0.44461375
0.3624705 0.36394486
0.39526728 0.4188535
0.43487713 0.4576933
0.32667446 0.34468043
0.36923724 0.39377907
0.39207348 0.40468556
0.39152482 0.3957804
0.29891655 0.30177882
0.3371085 0.3467549
0.36571723 0.36150014
0.29996172 0.28725266
0.42209902 0.4237972
0.45679894 0.5449801
0.41087738 0.6559757
0.38858393 0.6653801
0.49939653 0.5509084
0.09082566 0.12917112
0.3916208 0.39719066
0.426014 0.44341135
0.42337197 0.4253834
0.41083783 0.40477198
0.42611802 0.42784882
-0.033028547 0.027787905
0.39271003 0.40569073
0.440593 0.6072272
0.4023486 0.3940628
0.10013813 0.13244829
0.38005742 0.3913344
0.20446314 0.21128088
0.109925866 0.14158638
0.4890733 0.5572374
0.35494608 0.3683583
0.31722817 0.3274805
0.120875314 0.12818421
0.46367586 0.4412183
0.24109538 0.24830279
0.35880268 0.37601173
0.36483628 0.7990376
0.43379363 0.4324713
0.31878614 0.32571736
0.35811675 0.36962885
0.25247696 0.25920495
0.13116312 0.16285853
0.41404063 0.43998694
0.39195064 0.38427013
0.21091588 0.22835685
0.41718146 0.41577172
0.37918112 0.37657997
0.4178218 0.41169044
0.3140847 0.31349966
0.2256203 0.25303164
0.4420652 0.4678612
0.43166554 0.77337325
0.38580784 0.36750054
0.375451 0.4072692
0.12096073 0.15678316
0.48231453 0.48915267
0.2705443 0.27801844
0.40094554 0.39567703
0.3919453 0.39618203
0.3778681 0.38131663
0.42082414 0.42592442
0.37392735 0.53131205
0.4857074 0.46757048
0.4041791 0.40425003
0.43732738 0.51283926
0.4323191 0.43096134
0.36456406 0.36214495
0.22498122 0.2455157
0.37273157 0.3713169
0.38120377 0.38430062
0.457694 0.54206795
0.35790312 0.36909634
0.4059484 0.40649915
0.432796 0.4300288
0.36948085 0.6991966
0.23687169 0.2082333
0.27820143 0.27957377
0.49359298 0.48492607
0.35829923 0.39070243
0.441366 0.44618273
0.44462073 0.42997265
0.40792993 0.40953824
0.22777934 0.24653381
0.18945576 0.19973381
0.36684048 0.37629512
0.4297095 0.43812233
0.13987926 0.1575388
0.23596215 0.24094436
0.33830178 0.3341109
0.46969545 0.4682796
0.36814657 0.3748316
0.3826301 0.3600884
0.39120105 0.38884002
0.49132404 0.47193456
0.44950384 0.43567958
0.059652198 0.13900675
0.4160751 0.42086485
0.45209515 0.6594787
0.32083204 0.31962943
0.3997131 0.39845023
0.32585216 0.3243521
0.25709975 0.25436556
0.37999803 0.40113375
0.15561761 0.18762977
0.42540553 0.43360743
0.41342312 0.40995237
0.38357323 0.3791725
0.39377332 0.6997291
0.39598966 0.38047642
0.39843643 0.8867059
0.45636228 0.4465437
0.43576956 0.44206065
0.3855585 0.7354687
0.40270835 0.9404607
0.4395411 0.4397587
0.40472057 0.3903374
0.4485584 0.446015
0.44542176 0.44313043
0.37425402 0.3869026
0.3751697 0.37982357
0.41555297 0.4087819
0.30858395 0.34723905
0.4191808 0.41469404
0.33645314 0.32133773
0.4235555 0.4218276
0.4157338 0.40297872
0.48834714 0.46962497
0.3878139 0.3850636
0.44937387 0.43628708
0.48206085 0.4668394
0.41515452 0.40139416
0.3810834 0.38081893
0.3361384 0.33028972
0.38893452 0.39614895
0.41865486 0.43643907
0.42736262 0.4216218
0.41191876 0.44849575
0.47657964 0.45930797
0.42581582 0.42778105
0.46910664 0.54797494
0.38968962 0.39892903
0.37480095 0.3718526
0.43146193 0.43179435
0.3870827 0.38737646
0.48676115 0.4762852
0.3560929 0.36643708
0.42287856 0.41497168
0.30231693 0.3143096
0.38338163 0.3737599
0.15796222 0.18339391
0.40970656 0.41713405
0.39284793 0.3949801
0.092041865 0.13009171
0.42863363 0.45604566
0.45390826 0.4498613
0.43174544 0.433303
0.3835832 0.4209082
0.44078517 0.4356611
0.38499802 0.39803472
0.1381757 0.14894095
0.42404056 0.4200655
0.41050372 0.4048189
0.41711214 0.4155651
0.4357174 0.444133
0.38422227 0.3836164
0.4036736 0.38111958
0.12173982 0.14849927
0.48337382 0.445102
0.37010586 0.3698575
0.30425477 0.29583794
0.4022075 0.40340298
0.37646282 0.379211
0.4050624 0.3933394
0.36613777 0.37347227
0.06759165 0.1090759
0.501442 0.5431814
0.45021415 0.5998015
0.39213777 0.39774856
0.39307472 0.3477074
0.42368764 0.43043333
0.36905158 0.8111853
0.4347222 0.44349703
0.40248773 0.40475243
0.46939224 0.46374664
0.45820618 0.61649597
0.46545026 0.45834947
0.41894674 0.41348967
0.3925265 0.4152156
0.38409442 0.3810519
0.4537902 0.44421202
0.37846464 0.36957055
0.35448378 0.34218067
0.37620294 0.38138947
0.3093016 0.31258178
0.35018945 0.36744586
0.37992734 0.38216567
0.45934868 0.47325787
0.4101859 0.41396958
0.3853277 0.39289182
0.41193622 0.39941195
0.3237818 0.3072315
0.37228727 0.3733093
0.41042414 0.4128809
0.3996378 0.39635795
0.112768784 0.15411583
0.5895011 0.5765508
0.30659238 0.25884724
0.4113835 0.3959002
0.40929562 0.4019017
0.24593529 0.26939082
0.39354908 0.38305667
0.43394458 0.43270874
0.42418545 0.42020863
0.4062848 0.4042935
0.4884958 0.47787997
0.1505394 0.17346367
0.36813688 0.36602145
0.39009708 0.3805527
0.4080049 0.40877503
0.41386798 0.40971872
0.40108633 0.40512732
0.4220642 0.4184467
0.38355368 0.39653283
0.4229242 0.7522907
0.47272617 0.4726369
0.40547085 0.4166029
0.4090944 0.40180457
0.12427351 0.15365574
0.48090142 0.4617207
0.39591944 0.39364892
0.41616106 0.4050783
0.4141004 0.41252598
0.35578448 0.35415322
0.41975254 0.4079714
0.38539088 0.45480672
0.3991347 0.3993142
0.42672098 0.40702385
0.4033757 0.40185606
0.40540096 0.41171542
0.36887863 0.36924282
0.4262785 0.4287514
0.40045848 0.394651
0.49499184 0.61250335
0.3982594 0.4063105
0.38246572 0.38586617
0.38041335 0.37919024
0.47624487 0.45613638
0.42390844 0.40937108
0.3604096 0.3672746
0.3907383 0.39375854
0.4010027 0.399698
0.37759396 0.3792321
0.40890235 0.4134664
0.36615616 0.7957063
0.25594622 0.25273442
0.27440268 0.29100454
0.39406222 0.39518425
0.37751237 0.9302243
0.357019 0.355177
0.370173 0.3802677
0.43300694 0.41091016
0.42781603 0.42354816
0.41500008 0.40594682
0.3240981 0.3401807
0.44810215 0.43400842
0.45578384 0.5076764
0.41720915 0.43027204
0.41131365 0.40813735
0.39473894 0.396195
0.38428247 0.3902615
0.41131097 0.41481397
0.48400927 0.46734086
0.3561175 0.35984588
0.29959157 0.30351612
0.31370345 0.32031634
0.43610895 0.4218384
0.40684712 0.43136537
0.36940747 0.38336474
0.38004223 0.38207966
0.38942468 0.40110812
0.4522708 0.5887545
0.38681164 0.39504594
0.479735 0.4647587
0.3693393 0.37872103
0.35201362 0.3483501
0.38154715 0.37095538
0.17750423 0.19925378
0.3800534 0.38076878
0.41786253 0.40752935
0.4196548 0.4210541
0.4256888 0.4287109
0.44636643 0.43722934
0.39251667 0.3803724
0.49088094 0.4756763
0.26974112 0.27914506
0.46516183 0.4561687
0.30466247 0.33680362
0.4583668 0.45694873
0.3548112 0.36207464
0.40713447 0.40902314
0.4026708 0.3959235
0.3623016 0.72520894
0.43958956 0.44417772
0.47620386 0.45403337
0.38349298 0.8486977
0.39211175 0.38343075
0.37227875 0.37790027
0.40322942 0.44912267
0.36498314 0.37568253
0.3941628 0.39937264
0.4120205 0.41450396
0.4340505 0.44596857
0.35441574 0.3827354
0.35984224 0.35727763
0.28853026 0.2908065
0.40405685 0.4020803
0.4937036 0.49117362
0.4574986 0.46420452
0.39945894 0.4046208
0.39857993 0.62409467
0.29739013 0.30775937
0.48723388 0.48042428
0.48743683 0.46992743
-0.034632247 0.022622244
0.47001767 0.45048216
0.40112022 0.4112292
0.40991384 0.57626873
0.40558684 0.3972687
0.39578778 0.39002496
0.028808925 0.08585755
0.41727257 0.41722056
0.41491008 0.40554246
0.37806225 0.6767759
0.31141716 0.33074394
0.35301456 0.352722
0.25219902 0.2647125
0.39940095 0.7797245
0.49595296 0.4832855
0.10237734 0.15100795
0.42025366 0.4206961
0.4508444 0.45659283
0.16418462 0.18910812
0.41311973 0.4161019
0.46174827 0.45092487
0.39881226 0.39491433
0.40958637 0.41604722
0.40749884 0.40959427
0.37628952 0.41202947
0.40866444 0.4090519
0.36740613 0.3688798
0.15584879 0.20052445
0.35039324 0.34787863
0.43643504 0.46192637
0.4292747 0.43145603
0.3537873 0.34587783
0.42809197 0.40398616
0.38575682 0.3982172
0.393277 0.39672822
0.40334767 0.42496645
0.022391848 0.10083831
0.3688459 0.37201986
0.21932587 0.23889957
0.34257218 0.36020416
0.40384606 0.41166002
0.38489312 0.3813231
0.24260609 0.24247603
0.48664913 0.48252505
0.3591916 0.36166483
0.36666563 0.36085644
0.2652376 0.37349182
0.38545302 0.4257367
0.26841626 0.2938175
0.36791342 0.37367097
0.39807612 0.38872454
0.4816999 0.4612153
0.38641208 0.5153411
0.45019144 0.44584262
0.39219898 0.4026549
0.38768578 0.3892675
0.37504834 0.39381808
0.3719237 0.42321256
0.44157752 0.4459122
0.4175477 0.53066266
0.22415805 0.25164512
0.3976009 0.5042037
0.31074417 0.31789488
0.41381055 0.4173229
0.40903777 0.41225272
0.3875376 0.39189675
0.42804554 0.42257735
0.46721107 0.45523614
0.40807918 0.40263125
0.0039196573 0.06356292
0.40165532 0.40110758
0.35787153 0.35690522
0.4306388 0.6955982
0.4374082 0.43805254
0.3455636 0.3485981
0.40647262 0.41280186
0.41156352 0.40830734
0.4083894 0.42980492
0.40512592 0.3986483
0.39081734 0.3915568
0.43572643 0.44356167
0.34617555 0.34077004
0.43317956 0.4081521
0.41700214 0.41580525
0.39586526 0.3992172
0.42427927 0.42120022
0.38854036 0.41763744
0.42935136 0.4136759
0.42690095 0.44230545
0.4222855 0.41343838
0.41911402 0.45691743
0.4815383 0.58533597
0.38455027 0.37973884
0.15811473 0.19923593
0.38356215 0.37678286
0.04467449 0.08766733
0.37769923 0.40836015
0.34613818 0.32686418
0.41478196 0.41857907
0.4786234 0.4628269
0.4226927 0.42080587
0.3444748 0.34404963
0.28487265 0.29748043
0.33187008 0.3291455
0.42836297 0.42541918
0.39349204 0.39543092
0.42412993 0.42649662
0.38916862 0.35444418
0.23474681 0.24672015
0.46143088 0.44889194
0.43508083 0.4246393
0.55223304 0.4410689
0.41428316 0.44006947
0.30558074 0.30444
0.4096279 0.4058181
0.41835028 0.45524424
0.45359623 0.45235357
0.39348456 0.3828793
0.44870454 0.43927333
0.28152052 0.29007047
0.42135745 0.42557424
0.41845748 0.4144053
0.346016 0.3324204
0.4196659 0.41497418
0.4709814 0.45681742
0.42627826 0.42795596
0.38032368 0.41038966
0.4240585 0.40135893
0.3728447 0.36920393
0.465201 0.45679468
0.40410393 0.4156719
0.34698817 0.33540058
0.24157676 0.2765461
0.31438446 0.29725638
0.407216 0.41032645
0.39594626 0.399276
0.34919825 0.32882744
0.4079719 0.41807973
0.40386355 0.40627813
0.3747729 0.38212103
0.37659776 0.40053642
0.46169063 0.45145974
0.40601364 0.40891773
0.40480673 0.43387753
0.3767165 0.37700763
0.41191834 0.42488524
0.3766523 0.36693093
0.40692067 0.41815197
0.19060649 0.19292483
0.40134132 0.40302745
0.48451695 0.4655692
0.41246027 0.398564
0.32285184 0.33319232
0.43919283 0.44374266
0.35191178 0.33723196
0.39195263 0.37481365
0.39207616 0.40942204
0.41618472 0.41529664
0.44139054 0.43349135
0.43238196 0.40336874
0.3414473 0.334834
0.15691188 0.17497584
0.40781975 0.40132135
0.40846783 0.42051196
0.3930018 0.455818
0.42030498 0.42348957
0.4144634 0.42142636
0.43970782 0.5738847
0.38789707 0.38499987
0.088979244 0.12200823
0.4101438 0.40338585
0.13323617 0.16260843
0.4795435 0.47343108
0.41585246 0.43501958
0.1981726 0.2574729
0.42396814 0.4244516
0.30392393 0.30245465
0.40359038 0.40033963
0.091298655 0.12787005
0.3334266 0.33206296
0.333934 0.30695218
0.43530303 0.4289418
0.18670528 0.2049293
0.320918 0.32367417
0.42211413 0.42113355
0.44322246 0.41402775
0.41181466 0.4121564
0.35686237 0.36010844
0.3812574 0.38028643
0.41387957 0.41542536
0.41783875 0.4159765
0.37033278 0.3746769
0.08860161 0.11229168
0.37800366 0.37948552
0.34520704 0.3534756
0.39132646 0.63731724
0.5161966 0.5155212
0.4843526 0.4673095
0.41557524 0.6223363
0.35270834 0.33933285
0.36904097 0.55997264
0.40239397 0.3985338
0.3362922 0.33129647
0.42989784 0.42677027
0.5010808 0.47754577
0.14529605 0.17441753
0.47415534 0.45525974
0.4153963 0.4411458
0.3480645 0.35192448
0.46165273 0.42026523
0.41130787 0.40697607
0.47903743 0.46291444
0.26622203 0.2803246
0.3717426 0.3888493
0.2439839 0.2539752
0.4175751 0.382624
0.40199715 0.4096682
0.3698508 0.3661037
0.34876704 0.3533719
0.21189713 0.2552793
0.11120242 0.14035523
0.34748125 0.3479628
0.21873492 0.23999508
0.41511035 0.4070267
0.3735548 0.3589652
0.2003921 0.24262302
0.47239122 0.45615366
0.43245745 0.42814094
0.44503874 0.73709434
0.49102336 0.48490587
0.42781156 0.43242624
0.3309788 0.54924667
0.4314261 0.42017555
0.46959788 0.64014435
0.27094743 0.29727417
0.40806267 0.40700138
0.37040392 0.3863227
0.39572412 0.40175352
0.41588128 0.41182905
0.40470627 0.4131108
0.35849565 0.3668231
0.32831195 0.32255244
0.4450533 0.44382927
0.35057378 0.34024647
0.43456632 0.42965218
0.1466128 0.18153717
0.14036578 0.17171746
0.3499667 0.35315013
0.4141155 0.40832862
0.4265294 0.43558788
0.3463407 0.34431073
0.3562215 0.34919304
0.41481748 0.42972502
0.37840438 0.39270142
0.48950347 0.49974635
0.48847783 0.47081313
0.37473106 0.3655621
0.057631027 0.13185671
0.51913106 0.5269115
0.31075257 0.30087703
0.39981025 0.4049609
0.4202819 0.40673774
0.43082118 0.4333242
0.39088738 0.39252964
0.38055074 0.37103483
0.40180176 0.399648
0.2553004 0.26795784
0.4303373 0.42682955
0.32910916 0.33319607
0.39368367 0.38849357
0.48567367 0.4642491
0.38616312 0.38568005
0.46600574 0.5828717
0.38188127 0.40807748
0.2323683 0.24748977
0.33051497 0.35109365
0.4018614 0.3892979
0.36202496 0.35834658
0.41675887 0.40638033
0.34730434 0.34849405
0.2313031 0.23941825
0.32385853 0.35233572
0.448994 0.43748915
0.3995961 0.4431235
0.45707515 0.43877947
0.41098928 0.41554374
0.3940993 0.39570984
0.4330768 0.4253054
0.29947233 0.29147455
0.46539196 0.4583914
0.27372 0.36038962
0.3530078 0.82479805
0.48368263 0.47435316
0.40148538 0.41293138
-0.000584241 0.041434463
0.43611187 0.43043986
0.4133283 0.40651062
0.39390296 0.39864844
0.38205564 0.37199372
0.25959128 0.27235216
0.37032354 0.7142195
0.24632621 0.26632512
0.45615345 0.5384322
0.3707301 0.42892647
0.3914048 0.39389235
0.20987278 0.22606784
0.40408313 0.38271588
0.38245046 0.38697505
0.39957857 0.38649878
0.4273831 0.4267794
0.47715127 0.46043935
0.36773837 0.39321077
0.180931 0.22511987
0.36965793 0.36449942
0.4206059 0.7640577
0.47689572 0.46334338
0.35048044 0.34678856
0.41454494 0.40741196
0.39855665 0.39498562
0.4813095 0.45278612
0.34533545 0.33688402
0.49435598 0.4855691
0.40013412 0.40806258
0.20368333 0.20969142
0.3736699 0.3822675
0.46661943 0.4556042
0.2458398 0.25595266
0.4264238 0.42137066
0.14057513 0.15748788
0.24762699 0.30675155
0.39737263 0.403798
0.46912855 0.5701772
0.43061233 0.44857582
0.34151462 0.3147357
0.3342045 0.33179626
0.4060192 0.519919
0.32867086 0.33400396
0.3821019 0.42843634
0.30743572 0.29688123
0.4121345 0.41691768
0.39429578 0.38281992
0.40086615 0.42161387
0.34264523 0.34933802
0.43833804 0.4243778
0.42185804 0.42543167
0.40604126 0.4148359
0.41287714 0.41032252
0.43006447 0.41736814
0.43470648 0.4340676
0.39342368 0.39297834
0.49904338 0.49152428
0.42904282 0.44514424
0.44603747 0.4418855
0.4790431 0.463919
0.1490186 0.15117149
0.42425936 0.5363066
0.4268447 0.42310822
0.12848455 0.17132793
0.3995054 0.41393495
0.28164613 0.29276702
0.020197097 0.07206454
0.38635027 0.38128218
0.40088424 0.41105613
0.26025465 0.30113265
0.3994115 0.910935
0.38837484 0.39812022
0.2167826 0.23158163
0.4800133 0.4827155
0.38397652 0.3883594
0.47918618 0.46141076
0.4627275 0.45432392
0.42735785 0.4294457
0.371744 0.39488024
0.33854923 0.38262877
0.40019497 0.8926106
0.38095468 0.88490844
0.47589862 0.45780477
0.37811768 0.6513951
0.1960562 0.20617944
0.3507966 0.34413108
0.4114436 0.40817177
0.48374796 0.47534123
0.31910503 0.31787175
0.39911348 0.95444876
0.36016238 0.38542336
0.3522061 0.34931263
0.4596244 0.44977897
0.4194272 0.41431683
0.4347198 0.44600853
0.40102714 0.39861265
0.27691188 0.27203703
0.47629744 0.4599125
0.3910642 0.39064538
0.43377125 0.4072513
0.5002318 0.5775763
0.49528155 0.4883582
0.39908952 0.4141931
0.027410258 0.06190452
0.37714154 0.38300258
0.38202122 0.3908019
0.40170547 0.36361966
0.4814787 0.46552
0.3674962 0.36587563
0.48598328 0.47106555
0.4018023 0.41178095
0.21686545 0.23845653
0.037995305 0.059861783
0.38928902 0.38944352
0.12631519 0.15502691
0.34807664 0.3310309
0.4099505 0.41047332
0.38097394 0.37748057
0.34917355 0.34123597
0.25495285 0.28274924
0.20553094 0.24153672
0.4722566 0.47079474
0.38397065 0.7008734
0.35970688 0.3658643
0.45491448 0.44014874
0.41857117 0.4109554
0.38816118 0.380326
0.17823234 0.20533465
0.47375125 0.5640704
0.38573828 0.38661334
0.26009986 0.28659287
0.4092939 0.40693873
0.48222938 0.47371128
0.41875902 0.41532326
0.40749425 0.4224375
0.45722023 0.457791
0.40852427 0.41059312
0.37398943 0.4334288
0.3690123 0.37833536
0.076095775 0.10595588
0.17374966 0.19817778
0.42919427 0.4276846
0.099912256 0.13147232
-0.0030565858 0.035990376
0.39530012 0.39534268
0.4777361 0.56525505
0.41036808 0.42097536
-0.030188207 0.035725974
0.110281736 0.14461108
0.48533392 0.47703677
0.37545002 0.78329074
0.36104405 0.36676246
0.112248376 0.16336916
0.41635776 0.42539895
0.36733148 0.3556087
0.35247216 0.35346517
0.12621927 0.15871562
0.13065831 0.1645984
0.43311074 0.63540953
0.061249774 0.106727555
0.34199622 0.35071254
0.2153813 0.23365802
0.41074565 0.40582773
0.40939242 0.40145487
0.22157916 0.24391204
0.25466 0.28831586
0.2659807 0.28042263
0.0987439 0.13494107
0.45059362 0.45672733
0.48622462 0.47624964
0.38795477 0.38259137
0.34270763 0.33907604
0.391492 0.40036938
0.31991002 0.31402794
0.3918829 0.38830668
0.42239606 0.41880193
0.0050118826 0.058405694
0.4296424 0.41372743
0.3629273 0.36595413
0.1300537 0.15516263
0.38087568 0.38253698
0.36858085 0.75725955
0.4615687 0.44938877
0.42171395 0.4056616
0.38787392 0.37925968
0.38225266 0.40636837
0.3521186 0.36832952
0.19088356 0.21861896
0.20111075 0.21206114
0.46067053 0.58027667
0.4258423 0.42917764
0.39044005 0.38779873
0.39051032 0.3823494
0.29818273 0.2836935
0.27679777 0.2876217
0.19416112 0.23041385
0.42632872 0.41319618
0.2821049 0.28947434
0.40273604 0.39603773
0.4158555 0.40133882
0.44405574 0.44476855
0.42809793 0.43360674
0.38390714 0.39344198
0.46430486 0.45714113
0.42309064 0.45044655
0.4963438 0.49113765
0.3765874 0.36536527
0.4375214 0.42648694
0.095348775 0.13810214
0.3494631 0.33194932
0.48507655 0.4669447
0.41255784 0.41303363
0.25372192 0.2615455
0.18505922 0.19359222
0.13281396 0.16213582
0.3956947 0.3894323
0.44185027 0.44363496
0.37768048 0.3776595
0.39368188 0.3828868
0.48671502 0.47335944
0.33026227 0.32878307
0.3875629 0.38567868
0.12175302 0.14758849
0.45640257 0.45285383
0.47931236 0.4619149
0.40504888 0.40073267
0.40473592 0.40180215
0.44172406 0.44304955
0.38173962 0.39149326
0.45566428 0.59702677
0.43019155 0.42787948
0.392381 0.38888666
0.059365038 0.086638466
0.48881 0.6613545
0.17061439 0.2269446
0.39293784 0.32380664
0.3837831 0.8295711
0.28181598 0.27918112
0.42791927 0.41698334
0.34031937 0.3460614
0.42363948 0.42741546
0.34342682 0.3363322
0.37354624 0.3619969
0.40026766 0.38590166
0.33816755 0.45662567
0.41517767 0.4067367
0.41398555 0.4084029
0.22001746 0.23712747
0.47222283 0.45582095
0.485291 0.43572152
0.41797143 0.410087
0.40515316 0.3921397
0.433766 0.43862864
0.3513863 0.3486532
0.32609615 0.32434413
0.32491618 0.3192908
0.42864856 0.4362883
0.49209273 0.47506133
0.30933177 0.30981195
0.3348088 0.34981114
0.4028276 0.45640057
0.36727178 0.3688464
0.14594615 0.19274317
0.13032383 0.16820434
0.49205995 0.47643265
0.46274102 0.45255306
0.3796435 0.371231
0.41551194 0.42310685
0.41806105 0.8311645
0.386253 0.38217542
0.45295924 0.43075275
0.30513674 0.30972096
0.39530513 0.38770553
0.42479303 0.42179793
0.40272012 0.5013482
0.39682996 0.39382973
0.41193482 0.4136028
0.46151364 0.45077252
0.40519607 0.40877014
0.3371845 0.31997967
0.3729823 0.36088085
0.5227536 0.49212742
0.39745313 0.39400005
0.09265275 0.13320333
0.43275008 0.79320145
0.40787712 0.41607052
0.39192554 0.39060003
0.43334225 0.42897648
0.37974194 0.4105706
0.48951033 0.64443606
0.44251752 0.4358561
0.26949105 0.27696544
0.41125396 0.4142859
0.3047805 0.31402978
0.4021023 0.3955304
0.4738693 0.46021798
0.4279365 0.42746136
0.35988942 0.3527
0.3645392 0.36735144
0.46779287 0.53122413
0.307179 0.3139919
0.40218872 0.40342513
0.22208163 0.22240028
0.3837965 0.3970309
0.38620788 0.37991178
0.31286 0.32601157
0.43416226 0.42739934
0.12795582 0.15126047
0.2025702 0.32749227
0.3731112 0.37734476
0.35824406 0.36407924
0.27714396 0.2964506
0.20499077 0.22718595
0.41420448 0.4079048
0.38937718 0.39005068
0.37941802 0.37202835
0.37781775 0.37384644
0.47932562 0.46749368
0.47787526 0.45895
0.3750533 0.37134618
0.40876776 0.39523154
0.39862478 0.39176565
0.3892795 0.39475942
0.14971651 0.12934037
0.37293184 0.3719509
0.3924407 0.38974094
0.450553 0.43940803
0.28238222 0.29346508
0.43024126 0.42192167
0.48045158 0.5032007
0.009111214 0.06320745
0.38350525 0.38472438
0.4188357 0.4155685
0.3469477 0.34797898
0.4013911 0.40667307
0.22233754 0.24489184
0.3863759 0.3726006
0.39955312 0.39966148
0.39883313 0.40688187
0.35295653 0.40125003
0.21668926 0.23190245
0.44209877 0.4327512
0.41049343 0.40954643
0.36641216 0.3523978
0.39785776 0.3888991
0.32567888 0.3247758
0.37805623 0.3699729
0.13938202 0.17119269
0.19613948 0.21082656
0.38210654 0.37447727
0.4985733 0.47373238
0.37462008 0.37067625
0.40108126 0.39591408
0.4669636 0.958114
0.3987947 0.38215843
0.39109 0.39113668
0.3649799 0.35726526
0.45723075 0.44709772
0.37879494 0.37750927
0.4349405 0.42995763
0.4379741 0.43579516
0.17918414 0.17925091
0.3821475 0.38276225
0.4832257 0.46675116
0.4008941 0.4350999
0.43986145 0.43629313
0.38866386 0.39603567
0.49667943 0.483277
0.40706092 0.39568383
0.43530893 0.43220344
0.43189204 0.41974548
0.42605418 0.42643425
0.4866318 0.4770069
0.13078313 0.16736855
0.4921317 0.47742346
0.4900905 0.48419145
0.44748923 0.45106053
0.48647612 0.4725568
0.43238088 0.42993325
0.40817904 0.41017437
0.4179114 0.42058334
0.4082256 0.81807166
0.35359773 0.34466597
0.41055834 0.4116401
0.37349772 0.34560773
0.23749486 0.25464115
0.46644604 0.45474735
0.38828024 0.3893705
0.39479962 0.38980106
0.46547133 0.64385474
0.4235243 0.42099413
0.24124831 0.26812315
0.10322958 0.15767825
0.38251755 0.38026395
0.3484044 0.35676757
0.22374776 0.24393451
0.4420195 0.436796
0.12474392 0.15110214
0.3356864 0.32155836
0.44536275 0.44389635
0.43663573 0.4649921
0.37975934 0.38278076
0.43886787 0.44936562
0.41335714 0.41984063
0.41258654 0.46668863
0.38389048 0.3705336
0.50703764 0.48397523
0.4211144 0.41817695
0.42806873 0.40726352
0.10145803 0.19175972
0.40614226 0.40451592
0.38786548 0.38453472
0.25702095 0.277129
0.35469666 0.34898138
0.48285738 0.5172417
0.44402415 0.44677982
0.3700298 0.64789754
0.3795749 0.3715661
0.396954 0.4130012
0.43256894 0.43873927
0.39595568 0.380278
0.3213994 0.32145932
0.31502664 0.4328165
0.41955996 0.42021382
0.17064549 0.207042
0.37184185 0.35249057
0.42544705 0.42866004
0.44999054 0.43010435
0.3053376 0.30215073
0.4074824 0.40770558
0.20793632 0.22197632
0.22341432 0.21876529
0.25584024 0.25778475
0.35647961 0.35372558
0.3887868 0.39054272
-0.019669998 0.06786505
0.32518917 0.3410188
0.4699429 0.48181096
0.3536654 0.3462639
0.36466795 0.3584717
0.41916007 0.4166848
0.3129027 0.32867277
0.13382913 0.1633471
0.42216578 0.4171264
0.48776016 0.5072329
0.34528917 0.35249797
0.35441405 0.35774943
0.4370983 0.63474846
0.44409898 0.4328404
0.36615226 0.35086828
0.45522138 0.6226553
0.37702575 0.3776789
0.3225304 0.32654205
0.3811521 0.381812
0.13293573 0.15672505
0.389113 0.40696323
0.28360796 0.28560492
0.2857638 0.29569685
0.3512674 0.36293405
0.46182787 0.45400086
0.009749327 0.04511713
0.3663342 0.3709677
0.40512624 0.5162633
0.38365495 0.38261548
0.35866654 0.39939466
0.34404907 0.35164347
0.4600374 0.44845054
0.41411585 0.40420073
0.47750485 0.3827247
0.47054058 0.45384818
0.3626917 0.35671955
0.4154445 0.40703225
0.2562422 0.26476473
0.4309 0.42285404
0.34747282 0.35153723
0.47483423 0.46022305
0.12040992 0.14688893
0.41104224 0.40363345
0.377799 0.3742946
0.38277733 0.38439533
0.005797077 0.05052417
0.4116298 0.41130158
0.24667755 0.2487089
0.3719504 0.37434748
0.0897211 0.124446854
0.48754033 0.47141063
0.45171684 0.6461348
0.473729 0.47436705
0.37029117 0.35116398
0.45619065 0.45284638
0.3728968 0.3749943
0.035945687 0.11028762
0.45719236 0.57367456
0.38007557 0.38512287
0.45345193 0.45007417
0.3584205 0.52064663
0.40841162 0.4175633
0.3726696 0.4643811
0.2784048 0.30516586
0.3676628 0.3677881
0.25516456 0.2649462
0.35847127 0.3665493
0.41202205 0.42146057
0.40209526 0.41904658
0.39067817 0.40335342
0.32489127 0.31725344
0.3969522 0.39317852
0.318344 0.3317774
0.3611483 0.3590717
0.3785702 0.3790461
0.35350809 0.35618836
0.39017797 0.40874738
0.32922438 0.33394974
0.36238307 0.3626784
0.21727374 0.23156877
0.36653697 0.37663603
0.37258556 0.3960303
0.3866209 0.38380176
0.28981012 0.28507382
0.4312123 0.43414384
0.44061399 0.43680385
0.4575097 0.4522549
0.4105524 0.4154692
0.45936966 0.4424923
0.37470752 0.3700189
0.4190376 0.43766287
0.30947208 0.33863172
0.30138916 0.3097031
0.34448388 0.32443115
0.3606584 0.35903895
0.34950435 0.35092348
0.22784582 0.2352928
0.43550706 0.42787096
0.39608553 0.806585
0.40412048 0.64032865
0.49631834 0.4762967
0.36545807 0.3809793
0.20892614 0.21733205
0.46139523 0.447691
0.35644132 0.7665734
0.41937366 0.4165956
0.22011277 0.24011438
0.38752598 0.38710523
0.42437607 0.42086715
0.50866497 0.5291933
0.36586767 0.35695723
0.38135144 0.81181234
0.41729277 0.43229312
0.3269628 0.32129887
0.3453663 0.33547315
0.43507016 0.42417946
0.48449084 0.47715142
0.39151287 0.39460143
0.39421272 0.46958366
0.13417938 0.16354533
0.36021107 0.37279004
0.48804098 0.47075617
0.40664077 0.40222946
0.17737998 0.13708311
0.34064665 0.33286986
0.41581273 0.4102254
0.4037856 0.42179435
0.18817905 0.28317118
0.37162888 0.7837446
0.3919362 0.38509694
0.34134692 0.33502442
0.27292195 0.28174397
0.39793304 0.39810684
0.3643522 0.36241487
0.16377828 0.18239357
0.43375698 0.43176642
0.36679232 0.36632615
0.3349984 0.34774658
0.36791843 0.36951488
0.35270113 0.33373627
0.3719785 0.36265364
0.4209639 0.41236943
0.41733024 0.43755838
0.3845551 0.38084474
0.059889536 0.12078025
0.4059037 0.408077
0.38772213 0.3841035
0.46004054 0.4402908
0.40215087 0.3940735
0.44120342 0.4336312
0.3335317 0.3369258
0.253386 0.25953642
0.37559497 0.37598956
0.24565393 0.24723421
0.42196977 0.41707134
0.10082735 0.13048685
0.27614525 0.27987885
0.13810453 0.16468985
0.4404804 0.43440586
0.50797445 0.523947
0.42430505 0.41886324
0.36605132 0.37316716
0.41416895 0.4114137
0.38188422 0.3740975
0.370355 0.37057567
0.38773322 0.41930884
0.39696318 0.70794696
0.12710927 0.16442773
0.4090973 0.40813354
0.46354896 0.45963287
0.27718562 0.27801982
0.40364596 0.40860164
0.42906252 0.41977406
0.20509537 0.09534386
0.39636368 0.4191146
0.39784783 0.4119773
0.39110452 0.421401
0.4441685 0.44497734
0.43183404 0.41343814
0.4040198 0.3922048
0.3800993 0.36864325
0.36951587 0.8684731
0.47955137 0.599992
0.4263705 0.41132438
0.32097757 0.33054382
0.3779645 0.3864282
0.39808878 0.39599648
0.44390258 0.4313356
0.4363624 0.41934383
0.41180333 0.44795325
0.41513604 0.41182035
0.49163705 0.48602894
0.36879346 0.36971632
0.3439176 0.34106427
0.4365157 0.4300681
0.3802331 0.35104096
0.3566773 0.38293862
0.43135163 0.38669702
0.3636512 0.3589618
0.40553367 0.40324676
0.47633696 0.4370636
0.3628345 0.36575225
0.3942793 0.40269303
0.3954671 0.40264463
0.38670903 0.3875291
0.43600753 0.4421061
0.21122193 0.20776688
0.4622647 0.450816
-0.0023452975 0.056539804
0.42679024 0.41151902
0.36225468 0.35545477
0.19671875 0.21146098
0.39988053 0.4022638
0.32530767 0.33391833
0.4545284 0.44950154
0.4628217 0.45635942
0.3709548 0.35119694
0.28245434 0.28328183
0.13257933 0.15687768
0.36245313 0.36353716
0.41045976 0.40897635
0.49712688 0.47641903
0.40477633 0.3998147
0.3544271 0.32446927
0.056020647 0.12616454
0.35409304 0.3488931
0.40956646 0.41550404
0.33457112 0.37325335
0.3587749 0.38565508
0.4387306 0.4346719
0.4216297 0.41893542
0.41278768 0.41563028
0.39264968 0.38744563
0.29233572 0.29997343
0.4391141 0.44118422
0.40674484 0.40106127
0.3500978 0.34477645
0.42133707 0.40492344
0.3936158 0.38435784
0.40579143 0.40900326
0.41145638 0.45399925
0.3721198 0.38966048
0.203631 0.22828247
0.38728493 0.39087498
0.24894285 0.26147768
0.37502462 0.4064394
0.34895015 0.40799013
0.35030618 0.34891495
0.40117058 0.39620867
0.3543632 0.37698928
0.24434587 0.26766038
0.41239965 0.4173559
0.42558283 0.44102484
0.4439842 0.4427578
0.39692456 0.39473644
0.38511503 0.39056414
0.3957013 0.4033284
0.3612718 0.39637926
0.3351919 0.32956448
0.44087553 0.43559963
0.40434194 0.3840285
0.41003543 0.4022426
0.49070925 0.47839755
0.42859948 0.41851223
0.27104136 0.33933514
0.28478694 0.31377134
0.412439 0.41391152
0.4404147 0.53649575
0.4201882 0.55957735
0.35200688 0.34039098
0.4591382 0.47141138
0.42416418 0.42200193
0.47582346 0.431351
0.39158204 0.38777664
0.37194267 0.37800577
0.49939856 0.5867751
0.4072716 0.3906069
0.18933553 0.2084103
0.36423504 0.36977524
0.41870385 0.42360377
0.41328883 0.42428517
0.41737247 0.42506695
0.2615917 0.25782716
0.40190846 0.38364977
0.48142916 0.46136037
0.36817166 0.36718708
0.3924001 0.38561553
0.38403946 0.38746685
0.4009922 0.4025972
0.32992712 0.33147126
0.39301908 0.3911629
0.44226557 0.44249904
0.29387337 0.283461
0.35928416 0.5643052
0.47007513 0.4450904
0.3755328 0.3737647
0.4236553 0.3965432
0.34243852 0.3416198
0.4719429 0.460798
0.40886185 0.43228605
0.42511034 0.7079452
0.2901978 0.28992918
0.14239974 0.18117176
0.36924458 0.36016548
0.2662806 0.27177405
0.4244588 0.42235255
0.44012645 0.4607517
0.3747922 0.36507592
0.23960838 0.25115657
0.36841044 0.3845401
0.3844651 0.38312542
0.40225726 0.39510056
0.4799509 0.46862796
0.457052 0.48178184
0.42282873 0.63983256
0.38601902 0.61430824
0.39575922 0.39801407
0.32497942 0.3140248
0.42149538 0.42728558
0.50224066 0.47892985
0.31035528 0.307503
0.33545136 0.32479867
0.41720045 0.40974286
0.4297948 0.42983717
0.43453866 0.5661019
0.4024017 0.37807223
0.3601215 0.369989
0.18021181 0.20025443
0.3872348 0.38628843
0.40864673 0.40816134
0.25244632 0.28055504
0.3867714 0.39358634
0.37697268 0.3659731
0.3585757 0.36734018
0.45687714 0.448153
0.35020977 0.34394982
0.40979832 0.3858405
0.30204132 0.3015455
0.39115638 0.35480076
0.50256974 0.49778777
0.36853603 0.37574682
0.37269038 0.37574798
0.38989878 0.39273885
0.41090062 0.40239885
0.39718074 0.3971517
0.41728365 0.41070527
0.42776835 0.4274699
0.42346248 0.40662605
0.37700742 0.37079892
0.40955564 0.402628
0.38208473 0.43012878
0.60971475 0.5510848
0.39463618 0.3917213
0.42237532 0.5769162
0.2934941 0.31647387
0.4638222 0.6604037
0.36715472 0.35417488
0.3237206 0.3366571
0.24388687 0.26897547
0.4203239 0.42290238
0.36380213 0.37737745
-0.03693327 0.031464655
0.42928058 0.43835992
0.3870214 0.3749788
0.19738495 0.25089306
0.3638564 0.36205864
0.39896154 0.38539064
0.35837984 0.36523262
0.3492558 0.41091666
0.32672662 0.3346838
0.39955512 0.41100058
0.43083254 0.42487794
0.4829762 0.47197574
0.42354792 0.418418
0.5088449 0.5365305
0.37748852 0.3778606
0.48293197 0.46415102
0.3207379 0.31167603
0.37964708 0.41720554
0.39566356 0.3804515
0.3804027 0.37668827
0.41793758 0.42426977
0.40435418 0.4203949
0.4122662 0.42030686
0.38587296 0.38856095
0.38230836 0.38717818
0.20883107 0.24595477
0.27460438 0.26911864
0.43541715 0.4248281
0.3635158 0.36697298
0.37319392 0.3742485
0.3586198 0.35742217
0.10548796 0.14243276
0.14949322 0.15767166
0.48086435 0.4632629
0.44140506 0.43851668
0.4022025 0.39086673
0.39467958 0.4022499
0.4036884 0.43606812
0.4864233 0.47258493
0.08585445 0.117047854
0.2719222 0.27597028
0.4431136 0.55833083
0.38010484 0.3820636
0.34679985 0.7683703
0.24670355 0.25536913
0.487775 0.4824513
0.4047356 0.3796911
0.3521254 0.34380427
0.17379181 0.261209
0.20617324 0.24032077
0.39539582 0.4218934
0.36801723 0.3658452
0.48396266 0.49421483
0.37684098 0.38505417
0.19020571 0.21166077
0.42041695 0.41323343
0.4377402 0.6177934
0.37003553 0.41865057
0.36529192 0.35567686
0.38816082 0.40623856
0.40008217 0.4062973
0.4129084 0.40664485
0.3903231 0.38492116
0.30110168 0.25889108
0.483095 0.4656301
0.3746037 0.38237795
0.41649806 0.41908804
0.45765844 0.44547573
0.47241747 0.45675266
0.43365985 0.42537943
0.3760484 0.3825715
0.38448924 0.40221435
0.4059072 0.398577
-0.026934203 0.03122728
0.29263765 0.32715702
0.33454323 0.32636583
0.37373227 0.35184702
0.479262 0.464823
0.48406488 0.46854272
0.482084 0.46349
0.42653295 0.42830458
0.3780037 0.3869896
0.40843737 0.42188093
0.50560576 0.51040363
0.36706078 0.40465596
0.48772514 0.47169882
0.39706343 0.39861596
0.35864288 0.41150612
0.35811415 0.3603175
0.44994485 0.6277361
0.44189367 0.43283436
0.50682825 0.48341784
0.42776746 0.41684204
0.4771925 0.46359566
0.4279974 0.4293075
0.38155907 0.3828429
0.4023469 0.4081522
0.47253433 0.46667007
0.38635027 0.8197528
0.3018512 0.30327532
0.36276662 0.3560351
0.38292548 0.42194167
0.24147528 0.29225624
0.35253978 0.33925182
0.39650375 0.38781548
0.44609815 0.44643545
0.3308419 0.33023253
0.36995554 0.37165755
0.4936844 0.48109904
0.2359597 0.27181137
0.052439336 0.10129466
0.46938443 0.45516503
0.465446 0.4481946
0.3888567 0.38780293
0.39257285 0.40981647
0.121724844 0.15311833
0.38628373 0.39057863
0.46296713 0.44164792
0.43881857 0.43526533
0.36819112 0.3761306
0.3997847 0.38805333
0.3918214 0.42681327
0.39826164 0.3892698
0.30502018 0.3091959
0.36077788 0.352927
0.3668182 0.3823698
0.45366532 0.70048827
0.40531892 0.46269378
0.17862129 0.21288775
0.43475428 0.42876914
0.4927793 0.68367624
0.431033 0.42745754
0.43377036 0.5590838
0.33659357 0.38355613
0.4087451 0.3876252
0.42403048 0.76178485
0.48695615 0.47340807
0.4522218 0.45198888
0.4371248 0.42979828
0.35642213 0.3495708
0.44267517 0.43211025
0.50266355 0.47558266
0.39537528 0.43484625
0.2977978 0.29077712
0.44063416 0.43373284
0.30302423 0.36524618
0.1810407 0.21087676
0.37507734 0.36909682
0.42673123 0.40206495
0.39213765 0.393879
0.3332182 0.37478304
0.42804715 0.42768788
0.2874426 0.29989865
0.39826167 0.39989868
0.35738733 0.3486766
0.38294262 0.7849921
0.36218423 0.8227077
0.363457 0.73011196
0.4434729 0.43396878
0.40591052 0.3842871
0.4089575 0.41430232
0.37964213 0.37449458
0.3847135 0.37600642
0.41583836 0.45442772
0.41586298 0.4223587
0.39133444 0.3825585
0.46652836 0.46894857
0.40155417 0.4078289
0.48169878 0.4606088
0.30621517 0.2780958
0.3840679 0.39140645
0.4005972 0.402738
0.24345875 0.2782446
0.31611073 0.3237562
0.5042897 0.47826347
0.31473902 0.31204936
0.43046373 0.4294543
0.2372062 0.25515822
0.42415997 0.42175746
0.32035273 0.32842863
0.40191445 0.39763173
0.44939947 0.44243398
0.38884503 0.63045967
0.43870774 0.44036686
0.4143464 0.4250477
0.40278786 0.40260613
-0.013834987 0.043627728
0.21196792 0.26355115
0.47009695 0.4566012
0.008789182 0.04716089
0.42519656 0.42823502
0.33422196 0.3417616
0.24304211 0.28222302
0.4355016 0.43566534
0.11848688 0.18752912
0.353522 0.34607035
0.4048344 0.39012292
0.42126328 0.43173012
0.35712063 0.37190598
0.49515083 0.4711362
0.4035176 0.4070353
0.36676478 0.36752152
0.3937664 0.39811414
0.4057225 0.5709878
0.40886974 0.3995161
0.44574392 0.53309786
0.44059873 0.4393904
0.24671946 0.27690527
0.17325014 0.16499846
0.42222917 0.42087853
0.17157738 0.20562051
0.41995135 0.62088674
0.35482603 0.3673357
0.22356933 0.23818143
0.4160047 0.6823381
0.30799472 0.30676773
0.44453168 0.44676808
0.2876622 0.31166637
0.44666547 0.44941172
0.38910472 0.38692957
0.3750844 0.37821555
0.37199813 0.3618692
0.4315415 0.41611975
0.3153541 0.31733012
0.409751 0.3998265
0.48328134 0.46527836
0.42898494 0.4265647
0.40669355 0.42299893
0.4563016 0.4710232
0.47176898 0.46904773
0.23627526 0.24596311
0.39434922 0.41399103
0.38817203 0.39242214
0.39901894 0.4041083
0.25997132 0.281075
0.40703243 0.4527437
0.37800288 0.36724633
0.39653498 0.39570528
0.3479944 0.34440297
0.4246838 0.43845907
0.4034598 0.39665878
0.40125522 0.40805382
0.28212368 0.2892619
0.26017433 0.27490425
0.4466359 0.4559697
0.44681177 0.43427834
0.20524871 0.21971999
0.25509366 0.2801912
0.43558004 0.4386199
0.43093127 0.4193782
0.38927242 0.4075361
0.352444 0.3410518
0.44724056 0.45245668
0.50067526 0.45619085
0.41130328 0.40303445
0.4529555 0.42279136
0.28510457 0.30485383
0.42333162 0.41636178
0.39250284 0.4201873
-0.010902986 0.049186863
0.39623997 0.39419305
0.35663873 0.34723392
0.38641694 0.37057012
0.41001981 0.5334572
0.24882996 0.25781113
0.35528305 0.3597267
0.41703427 0.44008017
0.4173088 0.41373953
0.41570503 0.4016928
0.3836273 0.38137332
0.37966362 0.38190654
0.43059626 0.42330307
0.42383116 0.47848096
0.27530828 0.27788603
0.46188557 0.44800887
0.4432242 0.46111426
0.41467968 0.41098458
0.4083531 0.40087992
0.38954657 0.39019215
0.47520885 0.64751995
0.34678102 0.32891682
0.38830358 0.3983746
0.23370084 0.26494864
0.49900943 0.51002985
0.40258783 0.8759526
0.43943202 0.4329232
0.47597334 0.45795897
0.41171587 0.51712745
0.34439695 0.33564427
0.4004748 0.4030906
0.44432265 0.45478064
0.25816813 0.27276012
0.36031377 0.3627933
0.37076104 0.37721226
0.40940908 0.4076177
0.37647477 0.3983601
0.27644268 0.28821346
0.37591255 0.81745666
0.35460776 0.7202121
0.23424047 0.24396701
0.47132903 0.445831
0.40920836 0.4088368
0.41927373 0.41273877
0.41100085 0.40516758
0.37757242 0.3668706
0.42825228 0.4453701
0.21051207 0.2137535
0.38503528 0.384786
0.488974 0.65514284
0.19032602 0.2103275
0.41903105 0.41363198
0.4099482 0.3976099
0.3390817 0.34329614
0.37279993 0.37777093
0.49727768 0.49856582
0.43985516 0.43731177
0.37124354 0.37929824
0.370482 0.8505954
0.44896019 0.43859884
0.1836904 0.19745907
0.34693834 0.3465813
0.4137114 0.41335657
0.34800106 0.3494363
0.3724828 0.38012618
0.40221226 0.3995184
0.40164194 0.70757353
0.3780808 0.38240916
0.37508625 0.37727398
0.4142092 0.41991165
0.42425507 0.42556468
0.35245144 0.35874516
0.37038192 0.38889837
0.41626224 0.75713193
0.39633116 0.41643018
0.35721952 0.36174336
0.30099535 0.33060244
0.21914867 0.34278825
0.41412187 0.69987327
0.46344593 0.44766945
0.5002611 0.43835947
0.13173881 0.14892375
0.346888 0.3500464
0.46113732 0.48063082
0.3579635 0.34920794
0.4228421 0.6335253
0.41913664 0.42311493
0.47410744 0.44798544
0.41485047 0.40325585
0.2530586 0.28508714
0.3628227 0.35979244
0.38164714 0.38669157
0.39036366 0.4054939
0.39049694 0.38332498
0.426683 0.43048787
0.14357288 0.20176823
0.4052825 0.3983822
0.3841372 0.42723048
0.48440057 0.46416593
0.4007473 0.40229928
0.39306116 0.387605
0.3654917 0.3726145
0.43049797 0.42053488
0.47583407 0.46051267
0.4148875 0.4158076
0.45122856 0.45336184
0.3416455 0.34336162
0.4518674 0.46142876
0.4052699 0.38074362
0.4101376 0.62165904
0.4435082 0.43688175
0.13627073 0.16698109
0.47496545 0.6288542
0.28647518 0.29281068
0.43723872 0.44625825
0.43096823 0.42748564
0.37723285 0.3725692
0.47094208 0.4560658
0.37692797 0.38703588
0.19040689 0.21974626
0.31707233 0.31046325
0.18284401 0.20070198
0.36527854 0.3581264
0.3602442 0.37316275
0.2164405 0.23829316
0.34332415 0.3242655
0.40040368 0.38850087
0.43188235 0.44009832
0.41598845 0.41168028
0.41318032 0.4167914
0.47204313 0.4081316
0.39323288 0.4091337
0.3500136 0.35647306
0.36428398 0.36206284
0.33578444 0.3556918
0.4206862 0.4339005
0.4445964 0.4433795
0.42832193 0.43542594
0.32483304 0.3269049
0.23876822 0.22067498
0.3532127 0.35518917
0.455872 0.75955147
0.20610338 0.22527473
0.47208405 0.68148255
0.41231677 0.41231832
0.4559424 0.4307044
0.4186659 0.41494623
0.1694914 0.20791073
0.380776 0.37285542
0.3156783 0.32433125
0.3978182 0.4001931
0.47821936 0.474774
0.4051152 0.38760433
0.38016438 0.9128637
0.5018638 0.48888785
0.43558228 0.43463942
0.38086104 0.38898247
0.41879648 0.44647118
0.41359758 0.41025853
0.38322294 0.37341323
0.41192916 0.41821468
0.3736689 0.3722372
0.44330263 0.42952982
0.39194906 0.6839944
0.48900157 0.47465813
0.26506126 0.26849425
0.42402422 0.43009394
0.381252 0.38968977
0.40534443 0.40503848
0.3903398 0.40567124
0.25061876 0.2726578
0.43160248 0.4218487
0.42583594 0.62423456
0.38767356 0.38577503
0.441409 0.43704116
0.41274828 0.4077834
0.49110126 0.48364574
0.5071525 0.47538957
0.39780757 0.39197615
0.45759326 0.45529673
0.4326956 0.42918038
0.45933163 0.45753706
0.4158526 0.40204096
0.43535993 0.43302915
0.37193963 0.86482805
0.4616953 0.45104837
0.4814 0.4621202
0.36535078 0.3587178
0.4130129 0.4144567
0.37953585 0.36356616
0.30611685 0.3239401
0.3812272 0.38612196
0.34329534 0.36224994
0.32125175 0.32358378
0.4188751 0.4027866
0.15842174 0.18709016
0.4141341 0.4176695
0.36905336 0.38342696
0.39536443 0.3901128
0.4373514 0.44206774
0.41399395 0.40299433
0.44961858 0.43144608
0.43520874 0.43881765
0.45916694 0.45385987
0.383547 0.3911055
0.14043726 0.17361127
0.39048427 0.38928613
0.365905 0.3609341
0.35766718 0.36569875
0.4173446 0.41262513
0.48782063 0.450887
0.41321033 0.40885603
0.38192087 0.38578528
0.23451668 0.25122207
0.39569247 0.43765688
0.4831224 0.46890193
0.49355444 0.4903791
0.25454178 0.26412275
0.41124803 0.77054936
0.4013704 0.41547096
0.3857265 0.39156583
0.42057037 0.41979367
0.27625918 0.28306535
0.42592224 0.40444908
0.43564156 0.43692955
0.40829644 0.4074421
0.4398392 0.44181883
0.4888135 0.47661677
0.32374236 0.32977253
0.493998 0.47487888
0.4136552 0.41387996
0.2781122 0.30372393
0.15072834 0.17244685
0.40251103 0.4015364
0.22570285 0.24462438
0.43028355 0.4252155
0.40262926 0.38608077
0.2985674 0.2943703
0.23242192 0.24565464
0.34677142 0.3571082
0.43356383 0.43420362
0.08961553 0.1273828
0.5029641 0.48672405
0.20994014 0.2410711
0.3722262 0.3759978
0.45256436 0.5776648
0.034126155 0.08717289
0.2689494 0.26752833
0.4116528 0.39971998
0.49320427 0.48043993
0.43150085 0.41454634
0.4314885 0.46370095
0.47790933 0.5669404
0.4236497 0.43939796
0.35861707 0.3631871
0.39578462 0.39642376
0.44457608 0.43663
0.4194708 0.41586947
0.39644963 0.40383363
0.48437393 0.46962208
0.466369 0.47591826
0.3778574 0.37260437
0.37358588 0.37773064
0.22208072 0.24361792
0.3283404 0.31315783
0.39336658 0.37248018
0.42972624 0.43134695
0.41500866 0.41172457
0.42860094 0.42256445
0.436601 0.43727663
0.17049915 0.19767416
0.22176464 0.24588636
0.34160146 0.3502655
0.44871202 0.44750723
0.29320872 0.2934033
0.40205118 0.40434593
0.42247662 0.42524856
0.43370524 0.4459885
0.37475908 0.36463943
0.37589234 0.37350085
0.30652967 0.2952408
0.0453189 0.09956383
0.48721856 0.5207566
0.34136975 0.3423386
0.096965194 0.14643054
0.3783121 0.3790109
0.4348914 0.43597287
0.34395662 0.36295795
0.40087447 0.40434277
0.1762246 0.20344663
0.47619918 0.46606198
0.338887 0.33751562
0.14328125 0.17458697
0.12551218 0.1285827
0.2651823 0.34789807
0.4015664 0.79432
0.18911663 0.20282267
0.36354297 0.3791843
0.31800252 0.31565621
0.42625707 0.4254315
0.3922671 0.39631948
0.3403893 0.34101406
0.41904566 0.4116169
0.4240569 0.42679474
0.33753985 0.34554255
0.3828919 0.3745053
0.48749745 0.47239858
0.37991765 0.37472522
0.43728673 0.44084224
0.24175283 0.25413382
0.27472296 0.28542748
0.36600193 0.354332
0.12500492 0.14252153
0.39060125 0.39196762
0.45048004 0.4351757
0.4439023 0.43662134
0.150092 0.17627533
0.41235298 0.563468
0.40717238 0.4066319
0.4283248 0.4220659
0.47005722 0.6826257
0.45108142 0.42002675
0.44944197 0.44207525
0.48964277 0.4806016
0.43651757 0.4238463
0.39615482 0.38393974
0.4405748 0.46153066
0.3744526 0.38505575
0.42599332 0.41430193
0.3586642 0.38416046
0.11743972 0.1578101
-0.012295257 0.023675404
0.4739411 0.44325128
0.31213182 0.32208872
0.44656056 0.5203828
0.40335655 0.386427
0.3938048 0.38144338
0.37361988 0.368674
0.44656724 0.43600166
0.43831766 0.44417557
0.4834193 0.46726367
0.4995483 0.4971434
0.39673924 0.39438823
0.47180253 0.59392977
0.4488231 0.43437862
0.49539602 0.4771938
0.4741837 0.5613333
0.3984362 0.41707486
0.39919126 0.39623985
0.4066856 0.40759182
0.44919017 0.6932511
0.09767619 0.13059488
0.14857323 0.17439213
0.22846247 0.21335745
0.42384526 0.41967022
0.38990977 0.39465335
0.43175262 0.43503973
0.23358491 0.23739551
0.423274 0.42030242
0.38658854 0.3923209
0.3477606 0.3680138
0.33117875 0.33367816
0.40204576 0.6223602
0.4439847 0.44598955
0.4156214 0.38113788
0.4088357 0.40608424
0.22990969 0.24628757
0.3495726 0.34462014
0.41671455 0.41323382
0.3922501 0.6645166
0.35916066 0.37010095
0.40806606 0.4059768
0.41335544 0.644405
0.25900465 0.2834553
0.35832587 0.35729897
0.42809325 0.437201
0.45442307 0.4668679
0.33898032 0.34374446
0.48191112 0.4635839
0.24252144 0.24810955
0.17173374 0.1959761
0.40594855 0.37618193
0.34327 0.3329571
0.43940485 0.4414423
0.41242394 0.40364543
0.31278193 0.31377414
0.35356247 0.3750437
0.35279918 0.35240978
0.4587521 0.42836186
0.46910214 0.45623028
0.26396385 0.26596263
0.33979315 0.33401364
0.41231588 0.41441002
0.40855113 0.40778455
0.43181634 0.43728593
0.4182396 0.40883803
0.40603936 0.4028962
0.47799775 0.46033004
-0.02710824 0.06564273
0.25816792 0.27384797
0.40905046 0.4061973
0.3995122 0.3871353
0.2688172 0.2827171
0.22389907 0.22498533
0.40207234 0.39512643
0.41993305 0.41654772
0.2869714 0.28918985
0.30199414 0.3070092
0.2219677 0.24465439
0.41167843 0.40154144
0.4658773 0.4481768
0.41724208 0.4066794
0.37209526 0.3757252
-0.018414732 0.06742221
0.39057374 0.39703262
0.3434884 0.34631518
0.400528 0.3966683
0.22966853 0.2631379
0.39287585 0.39487785
0.35163748 0.34709328
0.439231 0.43692055
0.40959504 0.40607262
0.4552374 0.44486967
0.4214941 0.3883834
0.43924624 0.6340197
0.43006498 0.43006682
0.43440902 0.4395856
0.37566945 0.45901492
0.24306677 0.2643458
0.29190582 0.30599058
0.47899896 0.45883653
0.24071717 0.26522094
0.44010592 0.4319405
0.21337438 0.22595808
0.37729317 0.38467923
0.4014411 0.40434012
0.3802367 0.37584057
0.4183784 0.41058558
0.407773 0.4053605
0.4351361 0.4121518
0.04598132 0.09331134
0.45286125 0.46023533
0.39018452 0.39181295
0.30748492 0.3244806
0.33575317 0.35350028
0.16402335 0.20715468
0.22644505 0.34465867
0.38323304 0.390594
0.44634777 0.43140453
0.3703925 0.36868966
0.4305473 0.42611364
0.42690736 0.45171666
0.47414893 0.45383015
0.08026333 0.18508044
0.015408795 0.05652778
0.4967267 0.49486062
0.182133 0.2149964
0.40095288 0.40899774
0.39220154 0.39390475
0.41868597 0.42272788
0.06608233 0.103922695
0.37638342 0.37759542
0.44822967 0.4549159
0.46243724 0.6375639
0.13758743 0.17133567
0.32485855 0.322017
0.43160564 0.43396994
0.42193267 0.42390406
0.4858659 0.46769887
0.37695965 0.38900745
0.4657367 0.70225745
0.35495692 0.37504682
0.37767294 0.3752343
0.4472165 0.49696618
0.23216298 0.23384763
0.33513057 0.32135803
0.13577716 0.19912273
0.13825233 0.15867253
0.14592746 0.1709503
0.01215864 0.049030863
0.43919364 0.4308744
0.39195445 0.41889617
0.48333818 0.46442476
0.43844575 0.43755248
0.45993012 0.44752917
0.42363542 0.4599975
0.43535256 0.4679171
0.3789391 0.38128066
0.21300781 0.2513741
0.440822 0.44301504
0.32000536 0.32389873
0.40123057 0.39704183
0.41472557 0.4203402
0.39171165 0.3800998
0.39549306 0.47071752
0.40844107 0.41173398
0.3726675 0.37273696
0.387604 0.38472506
0.40871584 0.4026158
0.3599146 0.3637986
0.10407768 0.12978823
0.34628484 0.3877975
0.35983533 0.35389063
0.43797016 0.4200563
0.43070582 0.43189898
0.46203643 0.56037694
0.39490283 0.43112755
0.38821054 0.3841427
0.4396343 0.42969602
0.41210306 0.4731678
0.38514757 0.38797852
0.29785854 0.2887747
0.46647412 0.6315755
0.4244036 0.4065079
0.13378127 0.1781868
0.19544709 0.21028693
0.44957393 0.45259476
0.37533584 0.41073713
0.46974468 0.6815708
0.3889749 0.394618
0.40340298 0.4010528
0.4388431 0.49468836
0.20509169 0.23541348
0.32024688 0.3154227
0.17777215 0.27033424
0.41787785 0.41773063
0.45859173 0.50700575
0.48055875 0.51614344
0.42584556 0.84614605
0.39791918 0.38534817
0.4264259 0.4317897
0.43065792 0.42257217
0.38924375 0.39342016
0.36742973 0.35181442
0.47810727 0.45699012
0.39433122 0.40724587
0.38526484 0.37664962
0.41853845 0.42925486
0.027529843 0.07709463
0.4062214 0.46729758
0.3441063 0.34483266
0.36428654 0.3617397
0.47949633 0.4612705
0.3829375 0.37941504
0.17641678 0.22300242
0.45871592 0.45613
0.4042366 0.40552416
0.36526525 0.37355566
0.42194587 0.42382714
0.38727486 0.3811428
0.23456714 0.28348765
0.42156073 0.41503257
0.24525501 0.26743385
0.24918877 0.27156395
0.46132836 0.45392677
0.14095314 0.17569007
0.40089995 0.39115322
0.43417275 0.44077784
0.40687108 0.40882933
0.39403653 0.39994678
0.25897124 0.2810722
0.3929223 0.39261138
0.4633781 0.4555551
0.41304392 0.39755413
0.37839094 0.37495542
0.41598487 0.41916004
0.46616986 0.45404223
0.3889166 0.38926923
0.15334956 0.18358423
0.37487823 0.36494654
0.4558908 0.48225605
0.24674073 0.2558217
0.36700228 0.3785623
0.006179571 0.049096815
0.40864465 0.40906286
0.40706253 0.7460211
0.34084067 0.34125608
0.3240103 0.32879475
0.42383558 0.42489108
0.42605272 0.41920474
0.43010575 0.43026164
0.42226386 0.4091605
0.01670248 0.085096285
0.30390552 0.30758733
0.34892452 0.35325944
0.35150087 0.3569494
0.4072175 0.40733832
0.41355798 0.4067513
0.38030797 0.37930325
0.177633 0.20134133
0.43845683 0.44061905
0.3973505 0.39528286
0.40625778 0.41247353
0.44669032 0.44552404
0.42861816 0.4207211
0.45563042 0.46234918
0.41670287 0.39600366
0.42111203 0.40452477
0.38038743 0.37667078
0.030447785 0.05469412
0.31344754 0.29185617
0.43782854 0.43039516
0.39174265 0.3878999
0.41949135 0.41961688
0.4334271 0.42622146
0.23743513 0.23894668
0.389306 0.38965225
0.39003628 0.39166978
0.35617056 0.35508606
0.38687527 0.39783153
0.36183167 0.36808267
0.3963829 0.40511328
0.35137498 0.34176835
0.37353933 0.37450495
0.43213448 0.41077217
0.3868125 0.39501134
0.3720107 0.38124546
0.3810249 0.380391
0.38585424 0.39597747
0.359991 0.35963708
0.38310486 0.38617754
0.39344174 0.39898682
0.35285574 0.3567779
0.34248585 0.34811655
0.3505789 0.35947943
0.47913814 0.45884538
0.23821056 0.2963336
0.1436307 0.1553051
0.36857706 0.3711808
0.26181865 0.2593157
0.32749832 0.32393128
0.41029173 0.4135848
0.22181378 0.25736144
0.1485069 0.1756245
0.23140809 0.23819384
0.48893875 0.47211263
0.42864072 0.42729622
0.3885041 0.38655227
0.39987788 0.3992617
0.20128438 0.23649347
0.40886128 0.40703204
0.38641182 0.38989857
0.4129427 0.40858316
0.4615221 0.4553916
0.40571374 0.4107827
0.39255494 0.38432032
0.30541974 0.3025201
0.4226086 0.43071318
0.36135027 0.36956435
0.43638808 0.71301347
0.13517591 0.15683725
0.17992647 0.22625512
0.40838763 0.43606406
0.43231168 0.4292375
0.40212888 0.39793476
0.3701638 0.35736692
0.29788285 0.30821645
0.49853152 0.48883453
0.4246521 0.4282769
0.4242175 0.43777886
0.3897319 0.4250426
0.40504235 0.4016681
0.4020165 0.40172017
0.35991037 0.35648337
0.23033394 0.27250254
0.3634113 0.38486776
0.019091997 0.07064105
0.37954363 0.36240354
0.20555303 0.23986433
0.3833784 0.40572482
0.40489936 0.39838225
0.4323063 0.42681888
0.2573415 0.2674266
0.38009095 0.40596306
0.39893645 0.38918632
0.38874552 0.38613027
0.4893821 0.4705566
0.41769066 0.41463357
0.4582105 0.4709594
0.3975765 0.39162087
0.38157415 0.38217586
0.3816633 0.3895438
0.35767946 0.3478942
0.41549727 0.42211825
0.3279973 0.36244398
0.31829107 0.33869097
0.4131242 0.4083358
0.39502412 0.43900728
0.39389253 0.3993317
0.41412416 0.41965666
0.36341378 0.65247446
0.40192002 0.38310713
0.38098335 0.37854716
0.4834115 0.47980678
0.27721766 0.28629643
0.40828705 0.5216043
0.37103078 0.37520078
0.1263261 0.15040915
0.38239992 0.36994648
0.46133918 0.44727942
0.46184707 0.43930158
0.4036857 0.41446277
0.48036486 0.46901336
0.24062428 0.22849983
0.3772362 0.37750375
0.3940993 0.39814106
0.48900685 0.46734342
0.38348967 0.3793783
0.4931885 0.50850326
0.41426373 0.5198273
0.40809566 0.4067395
0.41366792 0.4022869
0.38970074 0.3771132
0.42035997 0.4143549
0.4803423 0.46528623
0.4707939 0.6039876
0.43399376 0.39087963
0.26348853 0.2778174
0.40717027 0.39880505
0.4195474 0.42586103
0.47164315 0.4819976
0.40525907 0.40351197
0.07425058 0.09084553
0.46162355 0.5512671
0.48449877 0.5270383
0.23483604 0.23758787
0.3836327 0.3908177
0.38416517 0.42596108
0.36317465 0.35875258
0.41997576 0.5752535
0.42636526 0.405722
0.4485417 0.4553967
0.42361975 0.42771232
0.38688433 0.9216387
0.4976032 0.48336506
0.44018853 0.4490084
0.40570027 0.40150914
0.38608086 0.39170036
0.44686633 0.4394771
0.39453852 0.4016601
0.36280456 0.3631691
0.4510408 0.5254207
-0.019189999 0.02220277
0.3802415 0.38312736
0.4804461 0.46123457
0.37473965 0.71737856
0.41207045 0.4071495
0.38726333 0.39073366
0.39635357 0.39592916
0.48387325 0.46277294
0.4808008 0.46412307
0.19117999 0.2225587
0.22804543 0.27186906
0.3982942 0.38877547
0.41006243 0.3695453
0.43593597 0.43955413
0.024104819 0.071119174
0.34018302 0.416461
0.3779533 0.38418424
0.43603978 0.45067376
0.39343125 0.3863785
0.41811505 0.4144644
0.2089797 0.22321302
0.48823613 0.46734866
0.2609629 0.2690109
0.23426634 0.28101614
0.40169987 0.39015722
0.43556577 0.43434057
0.3707678 0.4078766
0.18568337 0.2065088
0.5324841 0.5369231
0.4381867 0.43312317
0.38344294 0.39692602
0.40145475 0.4100902
0.38420653 0.38372338
0.37545112 0.38727286
0.463226 0.64179415
0.43352732 0.4068737
0.15726835 0.18073556
0.23724228 0.25029352
0.3663271 0.36930284
0.42053527 0.4136138
0.36712146 0.36188334
0.32958037 0.33795366
0.47769833 0.46203652
0.24487555 0.25667027
0.43182528 0.40589342
0.38832864 0.38230723
0.4528056 0.44998103
0.3997944 0.42996737
0.38266408 0.38016227
0.4611797 0.47731617
0.38573396 0.3981805
0.41191173 0.42289788
0.42566952 0.4178954
0.42710596 0.4236137
0.12478286 0.14786679
0.29642314 0.30904412
0.39456153 0.41604444
0.35515404 0.35666102
0.37142104 0.7444133
0.35542732 0.36264756
0.49204242 0.4764664
0.41111177 0.40778828
0.16670802 0.19508867
0.34062448 0.32970363
0.47578582 0.56340855
0.45258886 0.38123694
0.45313555 0.4455291
0.4078463 0.3979647
0.38840014 0.38242644
0.4443028 0.42051587
0.38120794 0.403689
0.4199635 0.423395
0.17341582 0.18669876
0.3973792 0.38161805
0.3881187 0.3912946
0.4007339 0.39607385
0.35939497 0.35261863
0.44189847 0.4963034
0.44456837 0.4403005
0.30465448 0.3140301
0.19406931 0.20979987
0.13983034 0.17849497
0.29479584 0.30270892
0.4063985 0.39801702
0.4053911 0.43334657
0.4261338 0.42827573
0.18735138 0.20962363
0.41636455 0.41715863
0.3788401 0.35766646
0.45167306 0.45462203
0.49272785 0.5300499
0.42126775 0.43422076
0.4017157 0.3927991
0.23980276 0.27825248
0.41460365 0.40685153
0.48133308 0.46028522
0.42244494 0.43777582
0.43732357 0.42949834
0.35611558 0.68277687
0.4624248 0.4552873
0.43859088 0.46591893
0.43085176 0.42452016
0.37070578 0.42878553
0.37269282 0.36791828
0.39697403 0.40334624
0.3859471 0.3883661
0.34045702 0.33975986
0.41373593 0.40650287
0.3012578 0.3002434
0.40388528 0.3879265
0.42301533 0.4196382
0.38798186 0.3944257
0.37626332 0.36820158
0.42857337 0.446196
0.3082884 0.29103366
0.36918128 0.36479273
0.37774104 0.37740594
0.16338143 0.19974563
0.48570663 0.46993706
0.49076432 0.48895994
0.37134293 0.37124768
0.1841811 0.20929377
0.3966396 0.39374205
0.38004002 0.3658895
0.32684445 0.33440945
0.4552809 0.44405138
0.3797279 0.37754768
0.39984488 0.48655993
0.3483906 0.35296372
0.49068937 0.58300394
0.22811672 0.20725206
0.18739146 0.15771729
0.48517576 0.47219616
0.3574907 0.3618905
0.4063607 0.40361103
-0.0061887912 0.05096891
0.13700512 0.14253259
0.47568086 0.48375198
0.37190568 0.36296797
0.41963342 0.43167675
0.4739488 0.45318455
0.40282312 0.40402767
0.39315617 0.399221
0.3599171 0.37330574
0.43463096 0.42810494
0.2564351 0.31911162
0.47962815 0.45839
0.4989348 0.47364342
0.35683233 0.35328564
0.40878022 0.40005335
0.39730686 0.39301968
0.35358143 0.3534703
0.43176302 0.4172683
0.10468079 0.15108752
0.36035794 0.34910294
0.13092475 0.15442958
0.38086328 0.38148203
0.3825923 0.41235635
0.43601486 0.62116563
0.137677 0.15905516
0.22689539 0.24385878
0.189096 0.21717182
0.4120498 0.4182181
0.18990172 0.20334712
0.44502476 0.43665776
0.40074903 0.39486647
0.37701768 0.36569867
0.41629177 0.41226387
0.17602888 0.20364167
0.40123776 0.40712908
0.46209937 0.45048648
0.33080834 0.3301082
0.4244197 0.4210056
0.4708364 0.56889683
0.38434586 0.42092144
0.44458103 0.43401784
0.41039556 0.4215154
0.41373402 0.41318852
0.42011997 0.42692122
0.431457 0.52094525
0.4674944 0.45204496
0.38881567 0.39839238
0.042148996 0.08293989
0.21686184 0.27397457
0.41500688 0.4069066
0.40951192 0.40343514
0.4409402 0.44514522
0.23651862 0.25819075
0.47779074 0.46015126
0.3882351 0.39270785
0.3739625 0.37360045
0.39006275 0.39549044
0.48615265 0.4800508
0.36114272 0.38305897
0.53566134 0.6055154
0.42979336 0.41090468
0.41109228 0.41619647
0.1891878 0.20158894
0.43334588 0.41056696
0.391537 0.38675448
0.35932338 0.38081828
0.35733235 0.3574998
0.12416893 0.16346087
0.4211396 0.4165641
0.40734413 0.4051344
0.36055475 0.36609942
0.42021948 0.41223714
0.41152614 0.46875113
0.3503219 0.36691365
0.20800284 0.22780502
0.32018232 0.32326555
0.36668712 0.3675564
0.15570585 0.18285522
0.42878407 0.4274595
0.39194608 0.40498802
0.3405117 0.34455138
0.4440297 0.44279432
0.3558361 0.35474086
0.44529337 0.43348458
0.4899786 0.4727068
0.37765187 0.36642405
0.4817387 0.4659526
-0.011963848 0.02693439
0.38015333 0.3699614
0.38896233 0.3913899
0.2517738 0.2783759
0.50961775 0.5106992
0.45858705 0.45510975
0.41637537 0.42341065
0.46252784 0.45344645
0.29688963 0.30113658
0.12399 0.1366308
0.35338044 0.35424215
0.507911 0.4932985
0.4183731 0.39838514
0.3056745 0.30407333
0.4949072 0.4799725
0.4014457 0.42708144
0.21392155 0.23591714
0.22169709 0.23431356
0.3641491 0.35748067
0.23328142 0.2646041
0.3477485 0.33837715
0.43056798 0.43284094
0.39473194 0.36750332
0.33285975 0.33258507
0.4720385 0.45698583
0.3550233 0.35725805
0.41546655 0.40713573
0.45941308 0.4479553
0.40746772 0.40995878
0.34833825 0.76609164
0.40320626 0.41266575
0.46181345 0.45569882
0.3552433 0.35494664
0.40529248 0.40544754
0.40644544 0.43679383
0.44003767 0.43717235
0.49038792 0.47376722
0.45525014 0.4596358
0.43977737 0.43746382
0.22177774 0.24558683
0.3271975 0.33182678
0.3722147 0.3681812
0.25602663 0.25936458
0.4116311 0.42006528
0.4017032 0.39713094
0.45885593 0.522182
0.30454683 0.30094916
0.20768261 0.22680826
0.4517328 0.5832865
0.4049642 0.4042935
0.2570689 0.26787558
0.1106071 0.13338113
0.39971432 0.3945566
0.022410017 0.08064776
0.38047317 0.34688237
0.38878778 0.38741645
0.3987599 0.3834006
0.46396536 0.4471116
0.19153172 0.21797809
0.37166446 0.35515785
0.3797778 0.42533144
0.41907218 0.42366943
0.36612675 0.38899848
0.42757058 0.4271524
0.4808261 0.6475958
0.39537302 0.3847841
0.3910703 0.39264658
0.41090468 0.41018313
0.36116064 0.36085793
0.34841287 0.34163687
0.36748788 0.36497113
0.4278965 0.42430067
0.4362414 0.4287417
0.052832205 0.09195663
0.3757425 0.37473786
0.4081115 0.41221422
0.35862243 0.36459565
0.38119102 0.9294351
0.41660383 0.39904508
0.4292307 0.4156687
0.43253046 0.42740405
0.49962705 0.47869122
0.17742933 0.19906051
0.47906035 0.4596207
0.3083873 0.31691152
0.39861238 0.3862177
0.36652368 0.36313835
0.39937228 0.3979644
0.34713775 0.36965197
0.38134176 0.38288447
0.31046563 0.32236046
0.3616697 0.36520132
0.35913765 0.35496634
0.40642136 0.4426346
0.39161372 0.4078954
0.34435123 0.3483359
0.3865153 0.39295095
0.35207975 0.3562176
0.4106543 0.92592776
0.2275233 0.249194
0.4444753 0.4525857
0.14277823 0.17770039
0.35565293 0.36309823
0.30880108 0.30984885
0.4031269 0.40541598
0.5042732 0.5010273
0.35773322 0.36314562
0.41959226 0.4286322
0.4896984 0.4682813
0.35555157 0.35769865
0.25520894 0.2540039
0.4178839 0.42125514
0.4513993 0.44702604
0.4588192 0.5442175
0.047974743 0.082562275
0.35648087 0.44837496
0.37994653 0.37687102
0.3846196 0.39262742
0.4209561 0.41938087
0.4394448 0.43746984
0.40543348 0.4084497
0.28831357 0.28423283
0.40472454 0.40902933
0.35675925 0.37061083
0.39376244 0.39815223
0.38637266 0.38876855
0.37309623 0.36826825
0.49363273 0.48208615
0.26811376 0.28354034
0.47235388 0.450705
0.16482708 0.17933571
0.37203422 0.37788194
0.43062842 0.42513716
0.37213558 0.37072176
0.4333035 0.42681918
0.3265069 0.33727667
0.35664564 0.3638872
0.46469885 0.450724
0.4186495 0.49128523
0.4849282 0.471948
0.20777291 0.21846071
0.37850937 0.37590715
0.3411649 0.3475318
0.4858923 0.4699989
0.40877593 0.39837843
0.38846576 0.37937465
0.42301127 0.4222221
