0.39077583 0.30733034
0.40208384 0.15649918
0.39988515 0.7189192
0.4059674 0.6818107
0.3908024 0.41967985
0.39768672 0.43146533
0.39711258 0.39522073
0.39949402 0.24732062
0.39124754 0.42133546
0.40208384 0.41770923
0.3905391 0.6635886
0.4123168 0.43588108
0.39705274 0.3419557
0.39324847 0.40390408
0.39780205 0.34715286
0.39020655 0.36566168
0.39911833 0.3575456
0.40757838 0.38915524
0.39948905 0.47124198
0.40549132 0.43987867
0.40501195 0.40525743
0.39467096 0.39770502
0.39772585 0.43455032
0.39058486 0.37899992
0.4020503 0.454584
0.3999396 0.38184428
0.39025328 0.42426977
0.39685705 0.4573746
0.40651092 0.37026381
0.40569308 0.4500325
0.40648475 0.42121547
0.39451656 0.33005333
0.39021146 0.40018913
0.4208608 0.4228661
0.40636095 0.35233572
0.3981694 0.4115463
0.39635748 0.70101744
0.4353917 0.6563799
0.39046916 0.42284405
0.40034583 0.09340139
0.39898196 0.37948552
0.390625 0.40577003
0.39054108 0.3933783
0.39952013 0.30046424
0.3973697 0.4171864
0.39070404 0.43396878
0.39901254 0.30663893
0.4060454 0.41793332
0.39361075 0.40085894
0.40985402 0.3547649
0.40534407 0.6983395
0.39636055 0.31812242
0.40208825 0.39110652
0.39034107 0.37457255
0.4017007 0.43207678
0.39055744 0.40923372
0.3904413 0.36937314
0.39060032 0.7531019
0.399301 0.15859531
0.40005228 0.28567845
0.40557784 0.41437015
0.390673 0.37238798
0.4054594 0.32393888
0.39052057 0.4262921
0.39056307 0.54828894
0.39057633 0.34891495
0.39070523 0.25769985
0.39024332 0.39128238
0.40009382 0.46910203
0.40069884 0.4665106
0.3981732 0.47511393
0.39049312 0.4142859
0.39048105 0.39275926
0.39730635 0.3363831
0.39726272 0.37448826
0.3903872 0.3597484
0.39826417 0.43551075
0.4030138 0.42570326
0.39822224 0.29819322
0.39612976 0.39003074
0.39058787 0.4008274
0.39811093 0.44270128
0.407591 0.33702663
0.41114888 0.39616665
0.40153986 0.3998147
0.39768675 0.39459163
0.39906278 0.41405976
0.3929823 0.4286262
0.406035 0.29197726
0.3981877 0.3318445
0.4035015 0.43732795
0.4038705 0.35700727
0.39035523 0.4194031
0.39073312 0.4294297
0.39987114 0.38702273
0.4035015 0.39680806
0.39064303 0.40604377
0.39068174 0.32265386
0.39772058 0.70461917
0.40302214 0.40987065
0.39759263 0.3086899
0.39726275 0.42471808
0.39719126 0.4530923
0.3972951 0.41267377
0.39061907 0.4388327
0.4043611 0.39904508
0.39419952 0.5788321
0.39071122 0.3820683
0.40564296 0.39345518
0.39663005 0.37603727
0.39036718 0.3990716
0.39062122 0.37450495
0.390699 0.3834938
0.396888 0.4141363
0.39202634 0.3924099
0.3992742 0.40229037
0.3904975 0.51691556
0.39066705 0.523129
0.39692208 0.46758774
0.39753458 0.4821886
0.39388248 0.39711085
0.3912288 0.35874516
0.40563312 0.41609585
0.39445212 0.42111453
0.4040101 0.38229713
0.39031523 0.3901128
0.3899332 0.401967
0.3906156 0.39834487
0.39063057 0.29388416
0.39873204 0.11000179
0.40143207 0.15211703
0.40024123 0.38630787
0.3939016 0.37944055
0.40116546 0.3644275
0.39897257 0.41873747
0.39921603 0.39388287
0.39731997 0.45990002
0.40077272 0.41151902
0.40013662 0.124446854
0.40096208 0.4287705
0.4042198 0.44902518
0.39758387 0.44363943
0.39060104 0.41098022
0.3933262 0.4062127
0.399879 0.4220133
0.39043927 0.41432562
0.39817834 0.34036264
0.39070174 0.40557745
0.40364236 0.1727585
0.39027125 0.52845174
0.40277708 0.4543512
0.39996806 0.4302655
0.39516652 0.37488785
0.3970228 0.38811263
0.39995572 0.48467925
0.4021482 0.3964054
0.403254 0.41889074
0.40542892 0.16562948
0.39762285 0.4897006
0.39958885 0.30991223
0.4043383 0.41726327
0.39860767 0.33113077
0.39041522 0.42322522
0.39076412 0.3006069
0.39718235 0.019780096
0.3916191 0.40324676
0.3998479 0.29505938
0.39064896 0.5712029
0.39064282 0.3752016
0.39720112 0.36767387
0.39820537 0.46329296
0.39355978 0.44064808
0.3989291 0.3990465
0.39059505 0.41511694
0.42251366 0.3594106
0.39568064 0.366563
0.40030995 0.5863118
0.39996448 0.38442528
0.39731017 0.16977984
0.3968156 0.08324473
0.39676002 0.46224552
0.4106547 0.42393202
0.39925185 0.3840261
0.4042995 0.4400359
0.40104106 0.35040802
0.39936364 0.41004944
0.40682772 0.40341312
0.4187846 0.23305596
0.39692208 0.4083574
0.40634066 0.40662605
0.39054522 0.3304394
0.40109342 0.42822197
0.3969878 0.47644004
0.4019682 0.49823532
0.39872238 0.360201
0.39088604 0.42228466
0.39982876 0.3491905
0.3902961 0.36977524
0.39927185 0.4170501
0.41294184 0.4189226
0.39055306 0.32037807
0.3981783 0.44797075
0.39053506 0.39440814
0.39921072 0.33054283
0.39388248 0.43096837
0.39817324 0.47857308
0.4013165 0.2835467
0.39829317 0.34858721
0.39705268 0.36981013
0.39983213 0.599992
0.3905007 0.3729116
0.40018728 0.59875214
0.39803115 0.42617226
0.40329257 0.31173208
0.40482607 0.45631903
0.39857262 0.36371645
0.39949697 0.40357763
0.40674993 0.37880343
0.39748874 0.740945
0.41477022 0.42742622
0.40299305 0.13231443
0.3987419 0.44367185
0.39958885 0.44726232
0.3903659 0.34761345
0.39040074 0.35447413
0.390251 0.39548877
0.40772626 0.43883255
0.40282157 0.38612348
0.39062503 0.8543737
0.39029527 0.3968794
0.3904703 0.37632385
0.39232534 0.423744
0.39073342 0.48032776
0.3903632 0.4241926
0.40307608 0.39093545
0.39960343 0.36571518
0.39078256 0.41098183
0.39710543 0.47102594
0.3899957 0.39551157
0.3907948 0.4040641
0.41139814 0.28328532
0.40352252 0.42763194
0.39062423 0.39709616
0.39043322 0.3928516
0.3995889 0.71583533
0.40300432 0.3619171
0.39736292 0.46466765
0.39026967 0.34453124
0.39707962 0.096964404
0.41386387 0.4405837
0.39797232 0.38819817
0.39676687 0.32252795
0.41443434 0.3992614
0.39773685 0.36929256
0.39493924 0.42158848
0.39804953 0.5023046
0.3904671 0.38141236
0.39070895 0.4232822
0.39202628 0.37502062
0.4051316 0.14568752
0.40913936 0.4265533
0.390801 0.38953754
0.40024906 0.35248125
0.40346557 0.3814373
0.390595 0.38278317
0.3971649 0.15803885
0.4029629 0.40308255
0.39718172 0.42393345
0.39707214 0.3763673
0.39856508 0.292395
0.3905478 0.3174007
0.4065346 0.42553568
0.40866083 0.29263633
0.39053482 0.3959467
0.40372065 0.15516263
0.3973331 0.087852076
0.39743105 0.43429643
0.39717588 0.3386617
0.4078673 0.23480034
0.39865592 0.34778583
0.40105966 0.39724785
0.39041516 0.4165548
0.3904666 0.34721163
0.39079484 0.37209204
0.40350154 0.405337
0.39982042 0.44807842
0.4012937 0.08883126
0.3979078 0.46987954
0.39986783 0.15763834
0.39060304 0.4169563
0.39064303 0.3645383
0.40026695 0.47474787
0.3906154 0.3401807
0.40431064 0.39236525
0.39067292 0.4221678
0.3903835 0.8390151
0.40660307 0.43574902
0.39008492 0.4407295
0.3999003 0.15825482
0.39989755 0.24991553
0.39749163 0.37891445
0.40024903 0.30940425
0.40159503 0.46472538
0.40749794 0.42100498
0.39816943 0.4361008
0.39056152 0.4097704
0.41466865 0.38704303
0.39069697 0.37267762
0.3905231 0.4082565
0.41744354 0.3746769
0.3970625 0.44975016
0.40346992 0.4800708
0.4017007 0.4058208
0.3988726 0.46368486
0.39859322 0.2640992
0.39918986 0.40607262
0.40312672 0.16915162
0.39768675 0.63015425
0.39740592 0.43518162
0.40015906 0.473014
0.3907251 0.26509744
0.3992579 0.39745992
0.39069095 0.36227927
0.5048832 0.5178269
0.40723082 0.62882835
0.4020503 0.44623795
0.39706546 0.116695926
0.406024 0.70525104
0.39837903 0.26546508
0.5223725 0.6622744
0.39977336 0.33662027
0.3979125 0.3640259
0.39202628 0.35695723
0.39718235 0.42370066
0.3905831 0.37830678
0.39942905 0.5100732
0.39082626 0.3886794
0.3974578 0.35622466
0.40608433 0.3709422
0.39037323 0.42173606
0.40719125 0.14158638
0.39037135 0.53122413
0.39382386 0.35125715
0.39038724 0.38070777
0.39122882 0.4340891
0.40097007 0.40785256
0.39911383 0.48286632
0.39824197 0.15720552
0.3991509 0.38900095
0.39641863 0.31290227
0.40012312 0.33849883
0.3989755 0.46915027
0.39076412 0.36648187
0.39085707 0.35529992
0.39892438 0.41421756
0.39963236 0.46374524
0.3905771 0.40126225
0.41282386 0.40557176
0.40992057 0.22404446
0.39980647 0.42697713
0.39061907 0.40184087
0.39829662 0.349277
0.3906773 0.37360045
0.40295175 0.37936413
0.48022655 0.71682304
0.3969221 0.46084598
0.3905951 0.39125222
0.40506348 0.1781868
0.39019796 0.34322393
0.39012748 0.41469404
0.39021143 0.42429677
0.39383796 0.2997213
0.39034325 0.6417359
0.39058903 0.395453
0.39049315 0.7444133
0.40272966 0.47879356
0.3995504 0.35593235
0.39952013 0.39030436
0.39059854 0.39014032
0.39882496 0.4753251
0.39072096 0.42918307
0.39751205 0.087821476
0.41724572 0.41889206
0.39919809 0.43123528
0.39939263 0.43861532
0.39768508 0.36025795
0.4030138 0.4247138
0.39057106 0.40155882
0.39922974 0.37391695
0.39843073 0.4535874
0.40469095 0.34397954
0.39903286 0.38275465
0.40030995 0.6256466
0.42333743 0.28233826
0.39693376 0.46077254
0.4134033 0.4433227
0.39806387 0.37277317
0.3902593 0.38771838
0.39786354 0.40226728
0.40881887 0.29764912
0.39806384 0.46490037
0.39039725 0.3498326
0.39023536 0.4153243
0.3941995 0.42165288
0.40180805 0.47507226
0.395996 0.44711617
0.39736134 0.37988365
0.3907872 0.42511964
0.39068952 0.37872222
0.40286604 0.16676125
0.39792076 0.4028243
0.4027771 0.40683216
0.39757746 0.44860932
0.3993138 0.46361366
0.39050877 0.388253
0.40307543 0.39300913
0.4043383 0.41166568
0.40980265 0.37288505
0.40634066 0.43190756
0.4079869 0.3496865
0.39896682 0.35789096
0.3989548 0.42568612
0.39193565 0.30683482
0.3967519 0.30774722
0.39835277 0.3692065
0.39379123 0.40297523
0.39042118 0.3846413
0.3984523 0.27623704
0.39731714 0.46510184
0.39232537 0.77570343
0.3903192 0.42267138
0.40070662 0.11580375
0.39696297 0.41248277
0.4003458 0.48184365
0.39339316 0.39913884
0.39697668 0.49046412
0.39084175 0.38831726
0.40687528 0.38818702
0.39037934 0.4033127
0.39589825 0.3836261
0.3945538 0.38707918
0.39958885 0.2671594
0.39064303 0.36922562
0.3968145 0.39435586
0.3981227 0.11346802
0.40502688 0.3661733
0.4000155 0.4311258
0.39176512 0.37068567
0.39921513 0.45805183
0.4010858 0.41766447
0.4043554 0.41970736
0.3904371 0.42753533
0.39905354 0.3492762
0.39744443 0.38252637
0.40011624 0.39610234
0.40439537 0.5776648
0.4232699 0.21912804
0.3906266 0.5042182
0.3902833 0.39024514
0.39039716 0.43936506
0.390649 0.81155634
0.39000753 0.40635678
0.40619865 0.37217873
0.39078584 0.42379493
0.4014938 0.43387133
0.39047992 0.42695993
0.39717695 0.3461092
0.39046273 0.43575382
0.39036125 0.38675237
0.39832076 0.36552438
0.39767525 0.45172706
0.39897254 0.46411073
0.39383373 0.44231805
0.3908861 0.39096284
0.39955643 0.42675817
0.39947298 0.2844825
0.3978136 0.34234184
0.40339482 0.15372391
0.39895484 0.44037557
0.39908168 0.39754835
0.39954475 0.30060896
0.3970508 0.21889645
0.39031926 0.35262257
0.39162758 0.39353177
0.3986337 0.23630711
0.40655378 0.1340482
0.39991787 0.47333723
0.40431213 0.4029286
0.4165344 0.2792214
0.399419 0.17760085
0.42272106 0.3686865
0.39067578 0.39420527
0.40042305 0.38561553
0.39051116 0.39163277
0.40202364 0.44333047
0.39052787 0.41345364
0.3989465 0.21999116
0.39026734 0.48577204
0.401916 0.42513716
0.39059505 0.41121218
0.3970522 0.18815349
0.39067426 0.41070443
0.4040421 0.41292298
0.39111158 0.4340815
0.3960159 0.3564218
0.3902434 0.53555006
0.3903319 0.41836214
0.4002531 0.40572664
0.3940622 0.40427792
0.3905651 0.6460907
0.39072475 0.4092127
0.39029798 0.38489696
0.39832082 0.3923662
0.4120175 0.34119642
0.3993831 0.45145175
0.41503945 0.26052243
0.39041665 0.42861012
0.39202634 0.43992662
0.39915624 0.48118538
0.40200096 0.17886448
0.3900135 0.3923069
0.4062856 0.22352211
0.39483356 0.39879495
0.3985814 0.41127235
0.39796722 0.42241964
0.39063486 0.3668255
0.4219204 0.19786769
0.39062503 0.3901055
0.393484 0.40204605
0.39791393 0.42719668
0.42508504 0.39450833
0.39847714 0.36676246
0.39692214 0.30461645
0.39691228 0.452577
0.39069167 0.42132723
0.41034564 0.35902837
0.39734757 0.42253953
0.40108582 0.39408576
0.4063407 0.42017335
0.39746603 0.40057623
0.39683542 0.40560544
0.41073045 0.38542336
0.3983465 0.09838675
0.39691952 0.11064745
0.39801675 0.39538813
0.3975407 0.41062894
0.4036661 0.39438823
0.39768675 0.42454523
0.39897254 0.41682595
0.40282425 0.40121573
0.41544867 0.42274767
0.39962444 0.411329
0.40342715 0.3864014
0.4092456 0.21116823
0.40658858 0.20605047
0.39324847 0.3307304
0.4043329 0.40662917
0.39068282 0.290388
0.39039123 0.31377414
0.39047527 0.35084978
0.41495296 0.23326938
0.40286604 0.19108935
0.3919512 0.3429132
0.39744508 0.3260827
0.47731012 0.3798116
0.39674968 0.4196382
0.40260488 0.41712058
0.40030998 0.45142454
0.39086774 0.41394016
0.40413228 0.41914278
0.40051183 0.40419495
0.3989986 0.6388574
0.39983615 0.40532476
0.39916843 0.29865733
0.40671018 0.74856204
0.40524974 0.1902387
0.39578465 0.42844912
0.39076415 0.37786716
0.39694598 0.17525044
0.3975057 0.47154233
0.39080098 0.34441453
0.39084736 0.3968436
0.39895484 0.44744468
0.40994158 0.163958
0.39958885 0.44299257
0.39999005 0.42727253
0.3975775 0.46401817
0.40349227 0.49102584
0.39718235 0.4713648
0.40690938 0.51382715
0.4040111 0.38418087
0.39620736 0.39941195
0.39060876 0.4231952
0.39064896 0.6056333
0.40265337 0.39603204
0.40183976 0.40722123
0.42255005 0.36686638
0.39037332 0.36723047
0.40351447 0.28062946
0.41192767 0.27429724
0.3924306 0.4717104
0.39861435 0.25337708
0.39898953 0.2064797
0.40420473 0.42363468
0.40436512 0.21351774
0.3905351 0.6398091
0.40143213 0.44800887
0.399356 0.35181078
0.39169553 0.31464422
0.4154203 0.42100966
0.40534282 0.20027421
0.3902673 0.36818647
0.4162285 0.2782971
0.4051691 0.4241107
0.39041117 0.38574132
0.39493924 0.39619136
0.39069098 0.39444315
0.3905111 0.8861191
0.40584254 0.35901576
0.39411923 0.42751548
0.40854383 0.42827573
0.39142817 0.7140966
0.40070662 0.38965175
0.39060548 0.36127773
0.39057702 0.3751214
0.39985996 0.33534858
0.3967991 0.40892923
0.39945087 0.49197388
0.3901221 0.439046
0.3902833 0.39586323
0.39541334 0.20441763
0.40078026 0.45839
0.39000505 0.37846953
0.4007066 0.43400493
0.39357215 0.27520436
0.39736286 0.48353562
0.3991707 0.36314052
0.40108582 0.39371812
0.40073723 0.15908243
0.3935655 0.5496691
0.3914282 0.41755486
0.39867344 0.3903807
0.39858145 0.42497066
0.39029765 0.96906304
0.3997287 0.41016063
0.39705268 0.38282487
0.39864746 0.38467136
0.41142502 0.3892944
0.400085 0.3273681
0.40047038 0.29278344
0.39033732 0.35068262
0.45093706 0.571735
0.40448877 0.39540505
0.39081123 0.4726988
0.40247753 0.40028834
0.39756036 0.41855538
0.4025693 0.42732438
0.39066097 0.4053077
0.39419952 0.4030608
0.3970324 0.38593313
0.39868572 0.40846723
0.3996429 0.43768317
0.3905531 0.6344936
0.40120533 0.5836368
0.39726692 0.4418458
0.39162752 0.3485981
0.39071497 0.28173178
0.39312837 0.25948328
0.4598466 0.65646255
0.40327862 0.46004295
0.3977237 0.38308597
0.39536193 0.3795676
0.39705268 0.4366366
0.39992437 0.23128399
0.39779678 0.48315662
0.39068493 0.6653801
0.39892912 0.42085627
0.39063987 0.28313038
0.3907642 0.3729393
0.38992363 0.4188095
0.39071545 0.37684157
0.403254 0.44244915
0.40056112 0.4758483
0.40420005 0.3728789
0.40056443 0.36787823
0.39063823 0.6181
0.39084205 0.4263419
0.39752597 0.32549268
0.3968571 0.5012186
0.3961363 0.42330548
0.39840207 0.39215192
0.39045116 0.4023479
0.4126143 0.3660385
0.39065924 0.3965615
0.40317252 0.44404963
0.39056894 0.32847616
0.39830706 0.40707463
0.4063407 0.5132273
0.40421697 0.47567815
0.40108576 0.3371234
0.39823768 0.3672024
0.3904023 0.36812964
0.3906142 0.4659352
0.39142817 0.39970475
0.39779982 0.2620735
0.39903343 0.47150746
0.41323978 0.30829245
0.3981694 0.41520432
0.39765173 0.24949786
0.40447226 0.4443501
0.40489575 0.37086836
0.39059505 0.33167762
0.40398997 0.39942682
0.39076412 0.28317317
0.39083615 0.43093506
0.40378627 0.17523526
0.40056306 0.09153933
0.39076415 0.25363234
0.40292636 0.37700698
0.39770624 0.48866355
0.39282423 0.42609024
0.3998106 0.3870099
0.39072523 0.4067859
0.41196236 0.43115297
0.39919868 0.45471647
0.40088233 0.43337962
0.39578465 0.41056672
0.40421733 0.37456024
0.39783493 0.41959977
0.39800373 0.4302443
0.39986348 0.37344417
0.39040324 0.46339592
0.39682648 0.47036543
0.39878333 0.3050321
0.4019762 0.50078124
0.40431607 0.28195196
0.40234655 0.2563047
0.3980638 0.30947754
0.39760613 0.20960677
0.3926246 0.26449922
0.4001907 0.34243387
0.39047042 0.37275326
0.39989814 0.41063017
0.4196165 0.1953943
0.39063308 0.37373176
0.40636277 0.14760154
0.39954412 0.42699516
0.39067218 0.39494094
0.4072617 0.24842581
0.3967487 0.44023237
0.3905081 0.41423804
0.40379706 0.14378458
0.39512813 0.34593058
0.39070296 0.64525855
0.39058223 0.24939941
0.40846965 0.44193763
0.40242618 0.45087394
0.44729415 0.30856848
0.41088662 0.43521446
0.3905531 0.43256164
0.40346566 0.29936618
0.39998546 0.44472295
0.39900512 0.015827898
0.40483925 0.40755048
0.3907027 0.2584166
0.39050713 0.40083265
0.40307546 0.43262595
0.39976087 0.35758635
0.39010212 0.45036936
0.3902066 0.37514523
0.39070052 0.49313754
0.39036402 0.433872
0.39475736 0.5769162
0.39012876 0.42940342
0.3984141 0.38941133
0.39691448 0.4406776
0.3905518 0.3873428
0.3973883 0.42316207
0.3905391 0.38705704
0.40623072 0.3727037
0.39190343 0.41895774
0.3967357 0.39050415
0.39056516 0.32914466
0.3903612 0.44801873
0.3906113 0.7373104
0.39062378 0.4226967
0.3974754 0.4105911
0.3997212 0.45380434
0.39806855 0.47964442
0.39059508 0.3565481
0.40120527 0.34275115
0.3903661 0.547931
0.39047214 0.42757466
0.39070693 0.3840107
0.3902274 0.41692975
0.39754003 0.3378885
0.3987033 0.38221747
0.40681526 0.62465525
0.393222 0.36837447
0.4006065 0.3056331
0.39749163 0.27602348
0.3972008 0.40416142
0.3973558 0.47980678
0.40296283 0.2964968
0.39800593 0.46877322
0.40307605 0.33075777
0.39072093 0.39415094
0.39735144 0.38637263
0.39058137 0.4048589
0.39916617 0.3845851
0.39974943 0.39556268
0.40005922 0.2736577
0.39800662 0.39318618
0.40049747 0.39255217
0.39995477 0.45446452
0.39829472 0.16141261
0.39079168 0.39160597
0.42448452 0.19886592
0.4011504 0.2608768
0.4033875 0.3814848
0.3920263 0.3834818
0.39202634 0.3484392
0.40309978 0.31486762
0.39045247 0.36821234
0.3903547 0.4073233
0.39606965 0.39119312
0.39066693 0.2902095
0.4000382 0.32601804
0.39799666 0.20994854
0.39768782 0.3603857
0.39045593 0.32986248
0.39556006 0.45620176
0.4073198 0.3664839
0.39075133 0.3891695
0.4027556 0.37060162
0.39043525 0.3456153
0.3986378 0.41979367
0.39740273 0.59702677
0.4044163 0.30352145
0.41522673 0.43309984
0.40278327 0.41190773
0.39980263 0.4791902
0.39131948 0.24188928
0.40470707 0.35218346
0.40323 0.34968463
0.40065488 0.3976535
0.40853038 0.27397457
0.39783636 0.21403648
0.3954676 0.38925302
0.4062972 0.19530849
0.39707965 0.38974294
0.40325406 0.4531934
0.40422434 0.68448657
0.39057124 0.404718
0.39815828 0.3119953
0.39324847 0.38634467
0.39451656 0.39865264
0.39898795 0.46606198
0.39569047 0.36296797
0.3903913 0.90032136
0.39947677 0.15584038
0.40183982 0.39347225
0.4754897 0.4263358
0.4006863 0.39194852
0.39697662 0.48357776
0.39730367 0.433485
0.3985162 0.4498056
0.39684138 0.4318865
0.39072606 0.42158088
0.40728977 0.38136002
0.4013725 0.59759074
0.40025464 0.412867
0.39037925 0.3508699
0.39082113 0.41734856
0.39043665 0.32348594
0.40481415 0.42516944
0.40523943 0.147581
0.4024049 0.21645495
0.40013605 0.40324336
0.3988417 0.37568253
0.39050713 0.36139488
0.39768237 0.3992228
0.40318516 0.17458235
0.39053681 0.41666985
0.39059505 0.3806045
0.3971972 0.6807494
0.39142817 0.43176907
0.3905471 0.44039136
0.39492097 0.33137605
0.39578468 0.42228755
0.40092516 0.4073489
0.4059461 0.3738303
0.40334126 0.42592442
0.40083778 0.1895948
0.39710826 0.32903108
0.4061509 0.41497168
0.392425 0.38438493
0.39066562 0.6957879
0.40315667 0.27922562
0.4027197 0.4205809
0.39062837 0.3333896
0.4000447 0.4819111
0.39681157 0.45989317
0.39776585 0.47509813
0.39051113 0.42867646
0.4070432 0.1471126
0.39046675 0.29757577
0.3981354 0.4077958
0.4066119 0.24034335
0.40466025 0.37412968
0.39373606 0.37067625
0.40431213 0.39491433
0.39006156 0.36858705
0.4062486 0.27956337
0.39293146 0.3832309
0.4098262 0.38086516
0.40663272 0.45529673
0.3945166 0.33975634
0.4016604 0.36479646
0.39053506 0.4127206
0.39324847 0.44924822
0.4150224 0.4149581
0.39065075 0.33945292
0.39037928 0.45690435
0.39112917 0.43084714
0.3902593 0.38974375
0.40708682 0.39093208
0.4027833 0.46616444
0.40441778 0.4381907
0.3972759 0.42723238
0.4037116 0.28179103
0.40396845 0.45336184
0.40076676 0.45777735
0.40143692 0.07709463
0.40471074 0.3603175
0.3905528 0.51828456
0.39688715 0.36541748
0.40648472 0.46299186
0.40047455 0.18195109
0.39061263 0.42060804
0.43123177 0.6775945
0.3904451 0.38518882
0.40563807 0.23050024
0.41218686 0.42670348
0.39017543 0.41051346
0.40728784 0.4032168
0.39020535 0.53428745
0.39483353 0.41684115
0.3906133 0.3383568
0.39088607 0.6328284
0.39816767 0.32928523
0.40070656 0.66694874
0.39788684 0.47779375
0.40013605 0.4202705
0.39059278 0.45017964
0.39838424 0.20593771
0.39931044 0.35618836
0.3904272 0.37628898
0.39829275 0.34085438
0.4027246 0.4427586
0.39012018 0.3619969
0.39025137 0.33866405
0.39853212 0.4238141
0.40429947 0.40745124
0.39773077 0.4309504
0.3904571 0.27976793
0.39838812 0.30504802
0.39921603 0.40098175
0.39076418 0.44131172
0.39881638 0.30816054
0.4020503 0.43340072
0.39056158 0.36956313
0.398482 0.21692604
0.39937755 0.4318719
0.39714834 0.38748732
0.5159068 0.5949923
0.4072028 0.43593693
0.44304916 0.45980203
0.3900554 0.45896453
0.3905813 0.3880727
0.41076824 0.33724043
0.40688303 0.2447274
0.39042526 0.38562053
0.39049914 0.42194167
0.39232537 0.4333353
0.39749855 0.35643956
0.40450308 0.36125025
0.3902113 0.520323
0.3974917 0.45461407
0.40224722 0.45284638
0.4103618 0.4007748
0.390649 0.7582254
0.42399082 0.20701548
0.39060098 0.5952864
0.39071098 0.39695126
0.3981968 0.3982695
0.39679202 0.18432172
0.3993042 0.38213634
0.390637 0.42649662
0.397298 0.14637522
0.39063665 0.3193075
0.4017298 0.3595157
0.40495977 0.48874122
0.39059484 0.4129115
0.4063407 0.4183585
0.39064902 0.25010735
0.40007365 0.41636935
0.40088233 0.42731342
0.39074573 0.41887128
0.39718235 0.458898
0.39679775 0.41678065
0.39705274 0.37325042
0.39844158 0.25248086
0.3987118 0.4618339
0.39988515 0.4252966
0.42679933 0.23939335
0.4067086 0.28024328
0.39822122 0.4918316
0.39895484 0.41827235
0.39887384 0.44551826
0.39982787 0.43382892
0.39686933 0.46196318
0.40260485 0.38775432
0.38998953 0.397983
0.4020503 0.50127697
0.397217 0.4027927
0.39067903 0.43349296
0.39822122 0.46694723
0.4264905 0.25995457
0.3908112 0.8444792
0.39835945 0.39873448
0.40545937 0.43815616
0.3975346 0.29870316
0.39483356 0.45913568
0.4042426 0.4628834
0.3997287 0.37334904
0.39071798 0.4222907
0.40053818 0.38074362
0.3929414 0.35713404
0.4004852 0.45016494
0.39051408 0.4110467
0.40036932 0.23941825
0.39816162 0.43105072
0.40234658 0.44517463
0.40215304 0.4157209
0.39051476 0.41649455
0.39733115 0.39566073
0.39797232 0.36949417
0.397626 0.47965035
0.40019897 0.13727061
0.394286 0.38427505
0.40564296 0.3877128
0.39736974 0.2153276
0.39933527 0.37798467
0.39074564 0.39060095
0.3978868 0.46565634
0.3989578 0.4613954
0.3905771 0.42129856
0.40050417 0.45432392
0.42037645 0.4350508
0.4019362 0.4033169
0.39030734 0.41084304
0.390667 0.35893852
0.40346435 0.14906336
0.39948905 0.38827536
0.3906143 0.34385115
0.39047134 0.42877355
0.39764535 0.40787542
0.3904551 0.4075802
0.39072093 0.92592776
0.43017069 0.41636178
0.40238687 0.15424861
0.39062497 0.50248873
0.3987505 0.47019884
0.3983499 0.6752773
0.39783493 0.43336847
0.39024857 0.36629808
0.39739436 0.27715412
0.40431067 0.39451876
0.39059663 0.4006592
0.39061305 0.38479117
0.39718243 0.44948775
0.4050775 0.2531539
0.40196756 0.40466636
0.40066177 0.47064748
0.4215727 0.25526804
0.390466 0.43437877
0.39536193 0.40554246
0.39919105 0.33405972
0.39016148 0.39265558
0.39062455 0.4248406
0.39847896 0.45617208
0.3952774 0.38437143
0.40426183 0.42647043
0.39546755 0.41822797
0.39072242 0.405432
0.3901994 0.42491537
0.49088153 0.39892057
0.39936134 0.303633
0.40353265 0.32202777
0.39948907 0.4377313
0.39963627 0.36909217
0.40221158 0.38730004
0.390697 0.43500465
0.39072692 0.44344425
0.40334722 0.36167327
0.39050347 0.39138332
0.39495972 0.39930624
0.50358325 0.55979633
0.39034536 0.40836447
0.39042065 0.34659296
0.39021134 0.4954164
0.3906416 0.38747644
0.39680314 0.4014178
0.390782 0.40641314
0.39058307 0.37914994
0.39910293 0.44336405
0.39730632 0.4679171
0.39918986 0.42917314
0.40399 0.25978142
0.40515447 0.40265456
0.3906142 0.35260814
0.39055505 0.3345186
0.3983368 0.4120474
0.39064297 0.5636933
0.40208504 0.41888794
0.3992117 0.33426172
0.40066737 0.45469207
0.39006755 0.37034625
0.39050508 0.5424048
0.41164201 0.39702624
0.39680505 0.4122588
0.39641872 0.6670045
0.39202634 0.39999193
0.41003618 0.41937444
0.39910296 0.4399666
0.39900428 0.4157033
0.39324847 0.43080452
0.3969379 0.45699167
0.3905531 0.36545503
0.40654126 0.41494915
0.40105572 0.4582132
0.40049058 0.20284769
0.39705274 0.417607
0.39950085 0.4403005
0.4043121 0.46026665
0.39040324 0.921967
0.406024 0.44980735
0.3904992 0.36110193
0.40331268 0.5699847
0.39927676 0.39998868
0.4011002 0.4136134
0.39063105 0.63034034
0.40316454 0.37075284
0.3917848 0.40939716
0.40036935 0.40072948
0.3904062 0.5733397
0.40729824 0.37629512
0.39849907 0.5086445
0.3976204 0.48037755
0.3906456 0.3522961
0.3903753 0.61224425
0.39872253 0.3488866
0.39052913 0.39843383
0.40277708 0.42432803
0.39057282 0.44207525
0.3972771 0.462965
0.40928861 0.3371691
0.4048809 0.45681086
0.40812686 0.47607833
0.39010343 0.40441522
0.39775866 0.4102191
0.4113821 0.3320657
0.39931467 0.4511422
0.3999508 0.48287877
0.39312026 0.23597121
0.40534404 0.3996336
0.39514664 0.39021623
0.3972865 0.4110359
0.39050618 0.43700448
0.39063704 0.39215818
0.39742306 0.40575644
0.4178339 0.2871665
0.39767084 0.28499347
0.39882907 0.46025366
0.40637192 0.3998016
0.39578462 0.39939043
0.39066696 0.34300837
0.40658858 0.40295777
0.39858145 0.32068142
0.40658864 0.3618012
0.48189294 0.54924667
0.3969221 0.4226065
0.39777744 0.48546338
0.4035015 0.4333374
0.39042386 0.41273877
0.40110615 0.46608397
0.39970085 0.77454233
0.40832528 0.25892258
0.39057624 0.4490814
0.405189 0.3700757
0.40429953 0.38886365
0.4012148 0.46958366
0.3970527 0.24985187
0.3905891 0.4037895
0.39876917 0.39701223
0.41084924 0.38259232
0.39685714 0.45403337
0.40137178 0.46686175
0.3907755 0.40882933
0.39029935 0.39097816
0.4063407 0.4449643
0.40394232 0.26677027
0.39886704 0.40422884
0.41861227 0.69819593
0.40697077 0.35777587
0.39881623 0.4018357
0.40458116 0.40966713
0.39711735 0.467796
0.39692214 0.43056473
0.39084494 0.4014547
0.39731997 0.3621128
0.39923325 0.42000997
0.39044115 0.30059087
0.39071497 0.44986212
0.39888334 0.41883364
0.40425053 0.40143228
0.40568027 0.40596786
0.39072865 0.43424678
0.39880416 0.34732175
0.40156254 0.106427304
0.4056976 0.18601169
0.40429947 0.40598077
0.39711517 0.3841116
0.39054114 0.43450853
0.39008668 0.3424117
0.3903792 0.43180057
0.5104542 0.68727875
0.4018686 0.43788877
0.3999544 0.5584861
0.3906003 0.38748595
0.39335176 0.28821346
0.39781353 0.4300239
0.41249114 0.26924786
0.4009976 0.17573066
0.3944491 0.32344037
0.39056852 0.25109637
0.40721455 0.14681597
0.39696756 0.4286208
0.39728653 0.5460702
0.39058307 0.39671627
0.390667 0.39450273
0.39021146 0.4165382
0.40570793 0.22991565
0.39055577 0.2546725
0.3991265 0.40322363
0.39036894 0.35551867
0.39202634 0.40068477
0.39949402 0.40799412
0.39021954 0.39020398
0.3907294 0.36718708
0.3984975 0.3782562
0.40816554 0.5032007
0.40150452 0.39208785
0.41262677 0.38963142
0.39030728 0.43117076
0.4000807 0.44077784
0.40016606 0.41654283
0.40355894 0.3528137
0.3968354 0.45285484
0.39004943 0.40622827
0.3994768 0.48030305
0.41375315 0.36997443
0.3904432 0.67480725
0.39046142 0.37579322
0.39025325 0.42429402
0.39804095 0.3695856
0.39038518 0.7176071
0.39754072 0.33224273
0.4257519 0.43140453
0.3905482 0.24932243
0.3902993 0.40897635
0.39832076 0.4107188
0.39021143 0.4091969
0.4208628 0.18218964
0.40500775 0.39856958
0.3972865 0.08416342
0.4004751 0.6600553
0.39030728 0.88091654
0.40115044 0.37699446
0.39733833 0.44087422
0.39749166 0.5762408
0.40431216 0.46142876
0.4128476 0.4016928
0.390655 0.42205492
0.39737755 0.12917112
0.40167648 0.46988648
0.4032077 0.4527767
0.39031327 0.37096962
0.40608916 0.31267202
0.40138736 0.41777605
0.39039725 0.3973771
0.390472 0.30741787
0.4067994 0.69114614
0.39067182 0.35510924
0.39692214 0.3505343
0.40634066 0.118661955
0.4048948 0.40646616
0.4063556 0.14901893
0.39616904 0.37664962
0.39817324 0.43174684
0.39783877 0.77080053
0.4040111 0.41962624
0.3977062 0.4134687
0.39062557 0.40466124
0.3981195 0.33095872
0.39687008 0.4566918
0.40367508 0.0964163
0.40478677 0.35611817
0.40674958 0.14391363
0.3907013 0.36486185
0.39040324 0.4155651
0.40570244 0.13546596
0.40680006 0.432127
0.39067456 0.3964951
0.3905531 0.51330864
0.39990887 0.5362976
0.39070293 0.42365837
0.39705268 0.437894
0.39058062 0.40614378
0.39067295 0.56393814
0.3972008 0.4357043
0.39072457 0.3887972
0.40466723 0.1537106
0.3997788 0.4242642
0.3908362 0.39505225
0.3904272 0.36683938
0.39003146 0.37005398
0.4144105 0.4088891
0.39805213 0.33491728
0.39055592 0.40118113
0.39041513 0.60969734
0.4027197 0.38784447
0.39045113 0.3588182
0.390691 0.5468415
0.397835 0.4293928
0.39052245 0.48602918
0.39436528 0.5134478
0.39003745 0.42077783
0.39359376 0.36686164
0.39730635 0.4110815
0.39792082 0.6669281
0.39202634 0.2829874
0.39041117 0.36254275
0.4057466 0.34247237
0.39202628 0.3942084
0.39768675 0.41901883
0.41404617 0.42541018
0.3905647 0.2675303
0.40887788 0.36176705
0.39052007 0.33164248
0.39996558 0.4755773
0.5057051 0.39858305
0.4050533 0.37835994
0.39842495 0.22114274
0.40472302 0.36326578
0.39941582 0.36442092
0.39987287 0.16289304
0.41442868 0.4163944
0.3972246 0.3786118
0.401931 0.46684316
0.39760613 0.4831974
0.39071277 0.36293837
0.4016483 0.46987298
0.39074105 0.73532397
0.4019675 0.121225335
0.39940494 0.38635445
0.4023187 0.38241866
0.390595 0.4510212
0.40709993 0.4051828
0.4045908 0.42655513
0.39731255 0.18838635
0.39067537 0.41458187
0.39041522 0.3892972
0.39766797 0.44932145
0.3971611 0.39786988
0.3903673 0.37372157
0.39711735 0.45414305
0.40488455 0.4085034
0.40414742 0.44359663
0.39929843 0.28927776
0.39037877 0.4468363
0.40325406 0.38333482
0.40480646 0.43589902
0.39061108 0.39158955
0.53053176 0.58028793
0.39889744 0.32072508
0.4134249 0.45309946
0.4008815 0.27968532
0.39863783 0.7758667
0.4236091 0.39916816
0.4033874 0.15042955
0.40590963 0.40792298
0.40158516 0.5082858
0.3904858 0.6656834
0.3905912 0.31315783
0.39017543 0.5375264
0.39064902 0.37933156
0.39020833 0.4264281
0.39049914 0.42340836
0.40400848 0.41265568
0.3904481 0.4351503
0.40117195 0.39573357
0.39427796 0.38420212
0.39673758 0.27307028
0.41054073 0.35794768
0.39040926 0.3836792
0.39898798 0.46726435
0.40201843 0.354255
0.39063507 0.38952646
0.39675766 0.17659006
0.39690936 0.26844797
0.43360552 0.22723934
0.3973707 0.3067314
0.40025303 0.44777164
0.39908165 0.4177491
0.40470013 0.42736328
0.40107062 0.34520316
0.40449062 0.46090814
0.41138402 0.6719816
0.39062586 0.43624005
0.39806572 0.46461535
0.39832076 0.27838138
0.3982217 0.30040783
0.40057305 0.48206538
0.41377938 0.39130688
0.39826408 0.42249915
0.39216092 0.30810434
0.4001285 0.47273177
0.41532436 0.23565519
0.39873746 0.3750133
0.3978136 0.39579722
0.39202634 0.29250115
0.3989726 0.27769652
0.4104679 0.5329957
0.39063907 0.4134463
0.39067218 0.4333242
0.4228227 0.4270398
0.39679205 0.48920918
0.39578462 0.42713377
0.39024124 0.55235344
0.39873043 0.37857533
0.39350206 0.23262222
0.40315577 0.49024758
0.3905278 0.25200543
0.40557536 0.37287405
0.39072978 0.4123022
0.39783874 0.44648167
0.39038372 0.40093437
0.40431213 0.44001448
0.39663002 0.37264106
0.39037338 0.42066598
0.39058313 0.4394915
0.39958808 0.44638178
0.405643 0.40016633
0.39076412 0.41971663
0.4032178 0.115801625
0.39035526 0.41370043
0.39121658 0.2866589
0.39942637 0.0149303
0.390613 0.4253052
0.39800274 0.44325128
0.39293143 0.43367678
0.39832082 0.4165056
0.39071187 0.4047365
0.40534404 0.43105483
0.3919378 0.40971923
0.39821792 0.4544165
0.40056446 0.21999376
0.39067492 0.4136504
0.4144846 0.41670832
0.39054713 0.39690837
0.5026092 0.8846254
0.3975164 0.39607188
0.3998507 0.3213955
0.40183982 0.36575225
0.40212616 0.34368956
0.4089183 0.4321055
0.39988515 0.4300905
0.3964572 0.40633237
0.39697668 0.41442284
0.39059418 0.4243546
0.40727755 0.17220448
0.3903558 0.39549458
0.4145219 0.26410228
0.3905296 0.40334308
0.398662 0.49656284
0.4008225 0.4632629
0.40253863 0.15133986
0.4043121 0.39115432
0.39376447 0.41325742
0.39399242 0.46219966
0.39076453 0.40903908
0.39052916 0.60234267
0.41261777 0.4102254
0.39931384 0.41139677
0.40037653 0.36856574
0.39966193 0.44403344
0.40225798 0.38139343
0.39723998 0.46242467
0.390703 0.38077608
0.40431213 0.11255197
0.40431064 0.377488
0.39927188 0.8171586
0.4080211 0.40533337
0.39719936 0.0845144
0.39866838 0.39791325
0.39023504 0.3953393
0.41207513 0.39306888
0.4053419 0.15433387
0.39068493 0.4247655
0.399003 0.38049552
0.39786926 0.1848295
0.40584254 0.35942015
0.398505 0.16106991
0.40294936 0.43524867
0.39575833 0.36794728
0.3968753 0.20563962
0.39056304 0.36017105
0.40697053 0.42400098
0.3903493 0.41822582
0.39050502 0.25928316
0.3901732 0.38113406
0.42583242 0.2746646
0.40312672 0.16993944
0.39060783 0.27613148
0.4038305 0.44059423
0.3995085 0.14379162
0.39045826 0.42093188
0.39045706 0.41828936
0.39058906 0.4256391
0.3905591 0.57773143
0.40025523 0.3461052
0.40477428 0.40141386
0.39463183 0.40554395
0.39981404 0.049186863
0.39679202 0.47445962
0.39059982 0.34454063
0.39948907 0.4384728
0.4014321 0.38966525
0.3940939 0.1616467
0.39742303 0.207042
0.3996429 0.27952048
0.3929315 0.41250932
0.3908262 0.40310365
0.39005145 0.3470378
0.39908165 0.34691262
0.39930707 0.35887125
0.39992243 0.3888493
0.39788398 0.3615486
0.3989352 0.37956393
0.39693862 0.4870056
0.39070296 0.85453665
0.39700446 0.48445708
0.40491328 0.25266165
0.39691952 0.60069156
0.4007066 0.38942975
0.3922921 0.41446277
0.40233913 0.45275915
0.39807525 0.38894758
0.39021146 0.45563528
0.39451656 0.41221422
0.3905711 0.39900365
0.39038518 0.5145753
0.4026516 0.44203
0.39962438 0.44305804
0.39047518 0.37890756
0.3902537 0.41942897
0.39768675 0.4049063
0.3969579 0.3653352
0.3984945 0.40655637
0.3935276 0.39441964
0.4001504 0.34795144
0.40325403 0.32033888
0.39843392 0.246993
0.39050895 0.34379748
0.40707648 0.32666764
0.39796367 0.44955286
0.3976633 0.40688187
0.3996429 0.61119765
0.40495977 0.44391727
0.40392992 0.2145593
0.39882436 0.4042419
0.40234658 0.4203402
0.39059502 0.407709
0.4039679 0.36863092
0.39049914 0.40969253
0.39078718 0.4163516
0.39050063 0.5964166
0.40013605 0.3914931
0.3922374 0.35595667
0.39060706 0.6901832
0.3997775 0.350753
0.3904751 0.40818682
0.39706248 0.45181316
0.40435806 0.43679383
0.40437365 0.4476539
0.4041137 0.66019624
0.4010858 0.31443334
0.40191895 0.22344984
0.39697418 0.41402614
0.39057714 0.49277976
0.39081022 0.21992673
0.39663002 0.40033984
0.39293143 0.41130674
0.39610162 0.43496037
0.3982492 0.39570594
0.3986136 0.33667904
0.39822122 0.47747824
0.39816943 0.42246714
0.39022943 0.5322942
0.399833 0.28901187
0.3929315 0.6530448
0.40753236 0.4322013
0.3985708 0.31139478
0.39819273 0.37871283
0.3992719 0.3983611
0.40352196 0.1742951
0.39714238 0.37058
0.40024903 0.43598196
0.3901515 0.8312637
0.39049911 0.38539323
0.39061108 0.51097476
0.41041815 0.37007895
0.39409387 0.38534966
0.40005484 0.38906756
0.40399 0.3777093
0.3906676 0.36683562
0.40568522 0.3987646
0.40074164 0.3983318
0.3906704 0.40643394
0.39875755 0.287908
0.39061412 0.37605718
0.3947691 0.4056182
0.4044204 0.39768252
0.3904272 0.40793154
0.39245892 0.4067622
0.39728364 0.37671056
0.39202634 0.43002275
0.40398178 0.3941781
0.40794754 0.38143858
0.41549706 0.24028127
0.40307567 0.1761841
0.39701602 0.49105778
0.40713653 0.4532403
0.39148095 0.3907463
0.39839023 0.4547294
0.40401104 0.45440388
0.39072824 0.40132812
0.39136678 0.39940342
0.39824966 0.27053875
0.39456186 0.42685306
0.3905051 0.91803837
0.39910293 0.42787638
0.40221134 0.27559146
0.39811018 0.4461906
0.39068764 0.31756574
0.39823946 0.16142784
0.39064738 0.29215166
0.41246912 0.3803834
0.3901933 0.37188292
0.39026523 0.70030814
0.40846178 0.17869183
0.3972928 0.38533375
0.39773688 0.31778187
0.3905784 0.37029934
0.40225232 0.20776339
0.40243873 0.4034235
0.40008166 0.30215073
0.39687008 0.24071366
0.39794555 0.3518517
0.40688768 0.39478758
0.40331197 0.2509028
0.3998982 0.3677214
0.390553 0.41932952
0.39817265 0.40307203
0.4018398 0.35360575
0.39882496 0.46334338
0.39068618 0.2890226
0.39848372 0.30026263
0.39705274 0.41002786
0.39988413 0.47081313
0.39058906 0.38639814
0.4004544 0.3725086
0.39034322 0.6416086
0.3998027 0.4681578
0.3969415 0.3600139
0.39693066 0.37483802
0.39786354 0.35690522
0.39064297 0.42833316
0.39048293 0.41466916
0.40067145 0.21515588
0.39691946 0.39663234
0.396766 0.20022044
0.3901716 0.3758368
0.40145338 0.17187941
0.39056376 0.38300496
0.4003869 0.47775638
0.39178708 0.36487374
0.39067292 0.5727896
0.39054027 0.37653792
0.39083618 0.4116169
0.398828 0.41396183
0.40189204 0.42313665
0.4028637 0.42583385
0.3973504 0.44963887
0.39910293 0.4285114
0.3991662 0.4256071
0.39788213 0.3549973
0.39726403 0.35143262
0.4000416 0.46019003
0.390619 0.3591453
0.42309478 0.35451278
0.39162132 0.4035934
0.40107787 0.47376508
0.39895484 0.50853217
0.39752147 0.46587065
0.40325406 0.45478064
0.4251352 0.38558295
0.3975775 0.4328015
0.4017007 0.25523105
0.39184722 0.3676482
0.4030138 0.36246908
0.39046714 0.45638013
0.3908657 0.396748
0.40415642 0.40515193
0.39813069 0.38080484
0.40431216 0.38567454
0.39053434 0.43490225
0.39959103 0.4243792
0.40360466 0.16670586
0.42116588 0.3633044
0.40905815 0.45837206
0.39770624 0.23045222
0.40469572 0.3898459
0.39074108 0.42077428
0.40712902 0.37990072
0.39704308 0.47379547
0.43584442 0.65824395
0.40148547 0.4678612
0.39562115 0.39634037
0.3991044 0.18275246
0.39964274 0.2335144
0.3914282 0.25419518
0.40030995 0.18943259
0.40013605 0.39031315
0.4024315 0.28890213
0.39078218 0.441666
0.39076415 0.3614084
0.39063105 0.34341276
0.39325204 0.39584973
0.41287437 0.27493662
0.40315577 0.22780502
0.3979282 0.06417351
0.3992152 0.4927054
0.39897254 0.4136135
0.40254015 0.17218076
0.39685407 0.49627674
0.41113874 0.3614841
0.39022934 0.56631774
0.39962414 0.37452558
0.39876136 0.4147034
0.39083353 0.4077387
0.40426186 0.42692694
0.39262438 0.4130245
0.3933364 0.2597612
0.39751792 0.40862113
0.39756963 0.3903374
0.4020503 0.3139919
0.39958885 0.3992863
0.40428638 0.39129364
0.39060307 0.34797898
0.39712223 0.41771677
0.39815417 0.43755838
0.39106932 0.41250008
0.40695608 0.42666766
0.39040926 0.4170456
0.39933527 0.34740117
0.40646484 0.45086616
0.40594858 0.3808929
0.39571112 0.37136033
0.39043328 0.3585467
0.39064297 0.27004004
0.3984991 0.50324094
0.40025523 0.34560773
0.39451653 0.40062398
0.39049917 0.4222952
0.39072064 0.28918985
0.42824888 0.2565689
0.3969262 0.21989836
0.40655616 0.40335134
0.39048108 0.3941159
0.40739897 0.41149658
0.40177488 0.20015927
0.40070656 0.4052606
0.40459877 0.25933772
0.41003007 0.35903895
0.40183982 0.42899606
0.3983208 0.90884477
0.40393808 0.4198967
0.40489477 0.4075264
0.4008827 0.46917006
0.40052912 0.42125475
0.40519634 0.43865022
0.39031923 0.37045306
0.4174246 0.27744374
0.3906335 0.35330763
0.39060146 0.27516598
0.39011803 0.4435777
0.39368707 0.3991731
0.39054993 0.41757405
0.39028922 0.5421464
0.39636102 0.3659842
0.40088233 0.45065376
0.403254 0.43747732
0.4007803 0.46028668
0.39262435 0.39696947
0.3903152 0.36426088
0.39061102 0.37085864
0.39772812 0.48509678
0.39409387 0.43989095
0.40949628 0.39184877
0.39521268 0.41740137
0.3905711 0.4217107
0.39790204 0.41266435
0.39871183 0.40367988
0.39788452 0.4705925
0.39042124 0.57071435
0.40331256 0.38514623
0.39037323 0.34811655
0.53452975 0.5272955
0.3948789 0.40328223
0.40288648 0.3912946
0.39050514 0.8713586
0.39419952 0.40311363
0.40708682 0.4468432
0.396805 0.23722447
0.40542102 0.4599936
0.39701983 0.39964998
0.39063355 0.36017838
0.39059904 0.38702616
0.40390173 0.34630534
0.39419952 0.4094966
0.40636238 0.40434277
0.39039728 0.43052158
0.39249185 0.26183444
0.4035015 0.39454004
0.39293143 0.70555156
0.39068493 0.42394185
0.3903252 0.32427058
0.40769437 0.2836935
0.3975423 0.39110932
0.39882803 0.42183083
0.39921507 0.4526998
0.4030138 0.55899715
0.4255575 0.30378884
0.3901574 0.39302856
0.390659 0.6037952
0.40524974 0.1427055
0.40124556 0.42338052
0.4007959 0.19588697
0.3982641 0.47814065
0.40813628 0.42121464
0.39752144 0.41623807
0.39671168 0.3663099
0.4080759 0.3882006
0.39040926 0.41546196
0.4304715 0.25515822
0.39991358 0.44046065
0.39037928 0.427275
0.39936367 0.07538076
0.39863777 0.4334204
0.39866838 0.36616057
0.39051715 0.4162156
0.39064303 0.5297379
0.39242503 0.41048628
0.3925487 0.37096906
0.4115171 0.16401902
0.39046714 0.372181
0.3933773 0.4055952
0.39050552 0.4373982
0.39703387 0.3960034
0.3902273 0.3444841
0.39317232 0.24509901
0.39211842 0.35954037
0.39406896 0.39457873
0.39731577 0.26920536
0.40045345 0.41196057
0.40652522 0.20994827
0.39060992 0.40081018
0.39766648 0.48681217
0.3971827 0.3901727
0.4026433 0.43046153
0.40036935 0.42711055
0.40474454 0.4551775
0.4048498 0.33569402
0.39001235 0.36805266
0.3904633 0.4430254
0.39049914 0.4008856
0.39578465 0.38343075
0.40516874 0.18252158
0.39951798 0.42109182
0.39071497 0.4227901
0.40564054 0.14210393
0.3924863 0.28796646
0.41077042 0.26709
0.3905775 0.3070092
0.39434132 0.46561095
0.3901994 0.41773593
0.39718238 0.40256897
0.40853858 0.23757128
0.39060757 0.387457
0.40518966 0.41043013
0.39578468 0.5108882
0.3967357 0.42412975
0.3905711 0.4349741
0.41045728 0.31436813
0.43588865 0.24436846
0.39756793 0.30741662
0.39172727 0.8747683
0.39057115 0.3886914
0.41664633 0.41332546
0.3906081 0.4123493
0.3996244 0.37161493
0.3938825 0.39938158
0.39031926 0.41150612
0.40388703 0.44475824
0.39826414 0.42813125
0.4000447 0.37012076
0.5207792 0.56889683
0.39032528 0.35679525
0.39972872 0.3493759
0.39219722 0.34774172
0.39025334 0.37763476
0.40531775 0.30043858
0.39829275 0.4243618
0.39692214 0.3266604
0.39764166 0.30533344
0.40036932 0.45151988
0.39071497 0.68770283
0.40582004 0.4459015
0.4158675 0.1816236
0.39679912 0.38967288
0.43095356 0.27490926
0.39868048 0.37597278
0.39860886 0.4216994
0.39722592 0.47557348
0.39747354 0.47109365
0.39804956 0.46847558
0.39083615 0.38710248
0.4066517 0.43008506
0.39988515 0.68602055
0.3913984 0.40457487
0.39970085 0.42040023
0.40352973 0.39006868
0.3906968 0.36106384
0.39060193 0.39219603
0.39874563 0.017983189
0.40681526 0.42788887
0.40339768 0.4454751
0.3908861 0.3978267
0.39081347 0.21971999
0.39022937 0.41217068
0.40088233 0.42922744
0.41766664 0.44977543
0.39086375 0.35602206
0.39023536 0.4028677
0.40431213 0.4071042
0.39073327 0.22520205
0.39021143 0.40208298
0.39067367 0.44908994
0.39792088 0.4021098
0.41098687 0.5234755
0.39070693 0.39540726
0.39793375 0.3097031
0.39054108 0.42161378
0.3970527 0.40795538
0.39683267 0.4334576
0.3979757 0.3226672
0.4065188 0.4293788
0.39972118 0.46775612
0.40033552 0.4794985
0.39796373 0.41811582
0.39703497 0.25778946
0.39676908 0.15654762
0.39053947 0.40506625
0.3972127 0.4568324
0.42741916 0.41545746
0.39791346 0.4297729
0.4020125 0.49830034
0.4044058 0.27779156
0.40115806 0.3809609
0.3904974 0.39917648
0.39933196 0.4032982
0.398401 0.33837783
0.43278953 0.39073184
0.39749166 0.47321835
0.39070895 0.38891932
0.40013608 0.42870983
0.4002916 0.4899086
0.3988844 0.41415858
0.39822122 0.4802683
0.3969195 0.046826236
0.39324844 0.42424423
0.4152389 0.44262964
0.40586534 0.2608413
0.40259475 0.3580163
0.4005488 0.4774896
0.39040545 0.40263125
0.39059734 0.38429075
0.401758 0.30981195
0.3901793 0.4081096
0.39966625 0.41526398
0.40625954 0.4049025
0.40156716 0.44268546
0.39056766 0.41727325
0.3969774 0.36763373
0.4035015 0.43631956
0.39814866 0.38655317
0.39707878 0.14934477
0.39829278 0.40629464
0.40951428 0.4155454
0.39012134 0.4173505
0.4072179 0.40554798
0.3903074 0.36693385
0.39029533 0.88435394
0.39202628 0.42557278
0.39935827 0.39546737
0.3906191 0.39911103
0.3980066 0.3048542
0.3984991 0.2476792
0.39088607 0.35126656
0.40094328 0.23520163
0.39680502 0.24431467
0.40088233 0.29799467
0.40024903 0.383329
0.4025185 0.33371595
0.4068152 0.45528582
0.39056504 0.4345865
0.3981732 0.48539275
0.40012935 0.44009176
0.4038019 0.34188548
0.390601 0.42808145
0.390655 0.78784114
0.39072868 0.44950154
0.39992243 0.3889077
0.3980038 0.80369806
0.39966878 0.4563861
0.3926029 0.29150862
0.39869395 0.54469216
0.39684138 0.35160393
0.40681764 0.42551866
0.39867878 0.25731787
0.39866078 0.33129647
0.39604524 0.4085636
0.390649 0.69168806
0.5672877 0.52747667
0.39914748 0.33381987
0.3922257 0.4578874
0.39498204 0.41642976
0.3989726 0.64800906
0.4063407 0.23544812
0.40812206 0.2946085
0.3969338 0.37988505
0.390673 0.45256522
0.39036116 0.41630957
0.390655 0.8362644
0.39728612 0.53358597
0.41373423 0.37795302
0.3906605 0.4060163
0.4171163 0.42307997
0.40431216 0.3883834
0.4043 0.32219988
0.3906565 0.3888054
0.39927673 0.45052856
0.409657 0.35752046
0.39792082 0.44241175
0.39797232 0.40902314
0.39022738 0.51034826
0.39768675 0.4278514
0.39793792 0.436012
0.39910293 0.40801623
0.3998763 0.3556008
0.39663002 0.41159305
0.39046323 0.3897586
0.40159503 0.49044907
0.39059785 0.41756955
0.40015417 0.41194063
0.40518495 0.4130135
0.39023533 0.505909
0.39988515 0.43547142
0.39184234 0.43970346
0.39992005 0.40081188
0.3900315 0.5592804
0.4048468 0.24876684
0.39202634 0.3823732
0.40426186 0.4709487
0.4016885 0.36694837
0.40665165 0.42557022
0.39940658 0.2447379
0.3904991 0.39921167
0.39061674 0.31873423
0.39863783 0.39193797
0.41014972 0.39496964
0.3975782 0.070901126
0.4085109 0.4743045
0.3984325 0.29732448
0.39844754 0.45679757
0.39083618 0.4145704
0.3929309 0.23431356
0.39137942 0.38465518
0.39050755 0.2627931
0.3900734 0.40223014
0.39036158 0.4076416
0.3996739 0.41405517
0.39756033 0.4105193
0.39901087 0.47075617
0.3994158 0.4167585
0.40008304 0.3689403
0.39845923 0.44486785
0.39871183 0.38076344
0.40255085 0.3588505
0.3906969 0.28319168
0.39951894 0.4509232
0.390691 0.40392268
0.3934016 0.28511903
0.40534404 0.7403882
0.39073762 0.39215404
0.39836153 0.31683183
0.3969836 0.35053533
0.40738273 0.38900933
0.39058393 0.39383703
0.3904491 0.44215044
0.406441 0.44675043
0.39903745 0.44278246
0.39012143 0.41447484
0.39077893 0.26177025
0.39853415 0.47794747
0.41175553 0.40311253
0.40481415 0.39840293
0.44919422 0.39766845
0.3910694 0.34993312
0.4000667 0.18063927
0.39016747 0.40956149
0.39680505 0.41113722
0.397415 0.26374933
0.390502 0.4147034
0.39458102 0.36938274
0.39012742 0.5314639
0.3987256 0.48931703
0.39048317 0.3671818
0.39694235 0.1236298
0.39863184 0.3329986
0.39068303 0.40560293
0.39324847 0.45422244
0.40556383 0.44127384
0.40231138 0.38152567
0.39500633 0.40252203
0.41046795 0.43065903
0.3901954 0.5188837
0.40196753 0.44746232
0.40421733 0.39957854
0.39599597 0.41354927
0.3950238 0.42556545
0.39027125 0.36646828
0.39366466 0.39812022
0.39890233 0.4243604
0.43695727 0.578704
0.40560058 0.4029833
0.3903782 0.32927603
0.3991823 0.3523716
0.39045644 0.42704326
0.4305739 0.42425525
0.3901905 0.3602383
0.4115218 0.24065626
0.40683392 0.13753319
0.39028326 0.6875025
0.39577594 0.40895298
0.39064157 0.4240005
0.3984442 0.42264158
0.39027125 0.42303407
0.40058097 0.4468135
0.39076415 0.41248727
0.39061904 0.38815892
0.39990914 0.37085453
0.39667112 0.43826163
0.39737 0.40627638
0.4007011 0.354515
0.41093263 0.41134217
0.3953619 0.38155216
0.39083615 0.3780424
0.39078185 0.36439064
0.4080139 0.4790686
0.39795598 0.4684031
0.41424 0.448128
0.39242503 0.4037332
0.39871612 0.39593938
0.3901274 0.37483913
0.3994776 0.42897648
0.40289858 0.48341784
0.39262447 0.63389266
0.39057523 0.25413382
0.39772585 0.45097005
0.40095952 0.13930199
0.39064273 0.2555193
0.3972691 0.31258178
0.39262444 0.43468487
0.39033127 0.4238247
0.39261594 0.38736448
0.4020323 0.4252635
0.39958885 0.42646
0.40411782 0.45525098
0.40602395 0.42531165
0.40690336 0.22158566
0.4057245 0.42742866
0.40234658 0.25474888
0.39725336 0.48054165
0.40278322 0.39620247
0.39057586 0.3293146
0.3971591 0.41407266
0.39502376 0.4152349
0.39718238 0.47273043
0.4043106 0.422464
0.406899 0.3899899
0.4015136 0.46261322
0.40954122 0.3707211
0.39909604 0.3773548
0.39866197 0.46157414
0.3972929 0.4660382
0.41367182 0.42051014
0.39948907 0.40672377
0.40534404 0.40476483
0.40165934 0.41776863
0.40278327 0.41189358
0.40164837 0.39040825
0.39032528 0.44143015
0.40143213 0.4934931
0.39040306 0.39580154
0.3959105 0.44297156
0.40443486 0.41038966
0.40166345 0.4238654
0.404286 0.42991704
0.39958888 0.5435331
0.40681523 0.38612062
0.40030628 0.47956634
0.40373686 0.38487408
0.39697084 0.46830618
0.40178683 0.25902912
0.3976633 0.40451592
0.3997403 0.29938075
0.39071015 0.37991095
0.39840606 0.17458697
0.43551013 0.28086036
0.39293143 0.43417522
0.40360722 0.43489933
0.40844598 0.45528877
0.4001368 0.41666538
0.40253928 0.28273085
0.40534404 0.43314734
0.39066318 0.3495756
0.39705274 0.5683432
0.39565742 0.3853353
0.39773458 0.24801789
0.4050552 0.42734802
0.39029774 0.395003
0.3992333 0.18656427
0.40800795 0.4248919
0.40520325 0.32097304
0.39970586 0.39708582
0.39019942 0.3872121
0.39032954 0.3982169
0.40231776 0.3988303
0.39066696 0.37033457
0.39045912 0.33027482
0.39941582 0.33382365
0.39262444 0.6529669
0.40407118 0.3054
0.4043544 0.39348924
0.39037314 0.34250197
0.39041516 0.356396
0.41327503 0.43092966
0.44452038 0.532388
0.40205035 0.30996078
0.3979723 0.4200067
0.39692214 0.36527902
0.39376995 0.33413178
0.3903701 0.5340775
0.39066508 0.3213415
0.39817318 0.485386
0.39708695 0.4733952
0.40175906 0.29523912
0.393244 0.33564124
0.395362 0.3585905
0.40420213 0.49639317
0.39047578 0.32610658
0.39045116 0.39190736
0.39779204 0.46282944
0.39843777 0.40838033
0.40705606 0.3167432
0.3906245 0.32635325
0.39794058 0.43437862
0.4124249 0.47602832
0.40312675 0.30790338
0.39049587 0.32161313
0.39723378 0.42094663
0.39737263 0.12682202
0.4052636 0.14530638
0.40353593 0.17270426
0.39053032 0.42346337
0.39021733 0.35713795
0.41049805 0.4470706
0.39059576 0.39168265
0.40399 0.28542748
0.3973629 0.21697973
0.39895484 0.79292697
0.39070696 0.39493662
0.39727533 0.2927798
0.397423 0.4879989
0.39160967 0.40968278
0.3905051 0.29071805
0.4145539 0.3827247
0.39804092 0.36435327
0.39035168 0.32462192
0.40265766 0.35903063
0.4015934 0.4386526
0.3972475 0.46761248
0.40681532 0.4094465
0.39753437 0.5406452
0.39065102 0.3389984
0.3976634 0.4763049
0.3999224 0.33805585
0.4040111 0.431189
0.39021733 0.4139986
0.4078421 0.2440286
0.3994521 0.37315997
0.39610162 0.42711496
0.3956789 0.36600015
0.39680502 0.27491853
0.3970527 0.45815182
0.4022701 0.0997635
0.39074102 0.36856455
0.39718235 0.4783654
0.41214022 0.24796173
0.39831564 0.40226823
0.39029995 0.40095842
0.3969534 0.35545477
0.3903732 0.46041888
0.40405014 0.3764281
0.40094614 0.4022019
0.40541163 0.3610905
0.39078078 0.4470007
0.39981994 0.40584597
0.40263048 0.29967657
0.3988125 0.3546366
0.39718235 0.48733774
0.3972923 0.4607424
0.3981905 0.28389555
0.39810976 0.5624655
0.41625 0.30752632
0.39954355 0.21890219
0.43464953 0.35983568
0.39736184 0.18765223
0.39945054 0.43642786
0.4034596 0.15165126
0.39753458 0.47907028
0.3907149 0.36090666
0.3936712 0.35627353
0.39845106 0.1957442
0.3906334 0.34879747
0.39059797 0.39428708
0.41025814 0.2805533
0.40399 0.515378
0.39065263 0.38239273
0.39963973 0.45432776
0.39987794 0.3794153
0.40564463 0.29380098
0.39903158 0.41584644
0.4065357 0.44260642
0.39054713 0.36575848
0.39059904 0.42046615
0.40401715 0.13686766
0.39776638 0.21967886
0.39999714 0.2128391
0.4068152 0.44365042
0.406693 0.40711197
0.40457243 0.33188215
0.39832076 0.42973757
0.3974754 0.43871492
0.39797238 0.27516088
0.3905913 0.4841525
0.39021152 0.36840612
0.39012754 0.37209886
0.42434666 0.3130835
0.39056587 0.45080733
0.4060106 0.46504647
0.3970196 0.45906752
0.40466812 0.41580912
0.40518948 0.32148468
0.39927673 0.44774094
0.39202628 0.4202468
0.39342228 0.37285542
0.4035015 0.40817815
0.39732158 0.47585905
0.39062583 0.4193153
0.39603826 0.38283068
0.39724752 0.4606894
0.40438256 0.4100664
0.3988422 0.10385225
0.4021655 0.32367417
0.39801565 0.4996729
0.40090686 0.36022466
0.3978702 0.3717908
0.40078035 0.5029174
0.39882007 0.42138383
0.39068028 0.39784437
0.3904371 0.40183064
0.4096253 0.32913432
0.397835 0.72685254
0.39891884 0.48800665
0.403254 0.2598027
0.4063407 0.44542867
0.39646158 0.3428536
0.4043121 0.50356275
0.3944233 0.3909377
0.4175436 0.21960905
0.4909928 0.64737755
0.39493945 0.42733416
0.39954993 0.25561592
0.39058676 0.41912782
0.40301007 0.39580408
0.39050254 0.33397678
0.39689693 0.46225843
0.39697462 0.4641517
0.40636274 0.37309366
0.40253848 0.4474739
0.39880413 0.43143654
0.39610165 0.36799198
0.39688107 0.035078358
0.39769763 0.4275078
0.39072093 0.27841505
0.39676604 0.07477769
0.39923325 0.44622764
0.39064905 0.5622714
0.40351763 0.44075218
0.39148858 0.38119763
0.39910293 0.3662253
0.39070717 0.31318823
0.4144133 0.4336415
0.3935655 0.6813572
0.40053543 0.42769444
0.39738673 0.38239235
0.39018145 0.39307445
0.3969221 0.16710202
0.39806384 0.4110356
0.39162758 0.2912411
0.39065894 0.29153952
0.39747545 0.42541918
0.39716887 0.086683646
0.39065108 0.37693682
0.40733027 0.39218262
0.39080763 0.40945795
0.3905151 0.36465323
0.390607 0.39193
0.401758 0.29147455
0.40432212 0.38834837
0.39379194 0.4046252
0.3975214 0.38769165
0.3903673 0.38487372
0.39058906 0.42138818
0.39698988 0.42017302
0.39877704 0.28828597
0.39773875 0.41463357
0.39728567 0.43488622
0.39072093 0.5779625
0.450125 0.33898643
0.390635 0.4063705
0.4043106 0.4026445
0.40538186 0.42798495
0.3903748 0.3896448
0.3906266 0.41392452
0.398662 0.46125922
0.39747542 0.42428517
0.3907825 0.39019215
0.4088743 0.32929662
0.3905111 0.41163033
0.4043121 0.3905293
0.3901915 0.4012772
0.39726406 0.41975844
0.3975603 0.3977125
0.41133976 0.42681092
0.40006688 0.4561687
0.3975146 0.4139426
0.39043322 0.4068663
0.39683262 0.45356965
0.40121487 0.4402908
0.39064845 0.43383557
0.39061192 0.40198848
0.39035904 0.36750054
0.39901605 0.49468836
0.3990904 0.262521
0.41420087 0.8311645
0.39055392 0.40186208
0.3984133 0.44889218
0.39054117 0.43842515
0.3998787 0.45671183
0.3903913 0.38830668
0.39065102 0.35774863
0.40421736 0.3712139
0.3981732 0.4601161
0.4065028 0.32144633
0.40138528 0.34935072
0.40367097 0.4225347
0.39082167 0.448153
0.3980103 0.14966528
0.4020503 0.4106686
0.39707527 0.35942778
0.39338782 0.41603765
0.39049318 0.4277566
0.3907266 0.39186677
0.3994637 0.29868996
0.40284756 0.45426673
0.40091094 0.50205404
0.39057907 0.39401883
0.39030138 0.38267797
0.3905591 0.4129478
0.3969608 0.4096749
0.40346566 0.61472356
0.39682686 0.24005224
0.39035526 0.39060438
0.4035997 0.19004281
0.60806257 0.45880017
0.3899295 0.42524156
0.40208393 0.28405896
0.39010096 0.40574917
0.40453306 0.35617885
0.39067903 0.43059513
0.39038715 0.3277312
0.39058906 0.40335086
0.3901994 0.4080339
0.39073822 0.39417934
0.41851124 0.19936435
0.39028335 0.40105614
0.39886335 0.2064294
0.39610165 0.44173056
0.390637 0.56847477
0.39662996 0.38155982
0.40160778 0.36927438
0.39915088 0.49778777
0.4042619 0.4522083
0.4020839 0.46189266
0.39088604 0.3795248
0.40524653 0.14321852
0.44246212 0.5425369
0.3935655 0.42233276
0.3918554 0.38528344
0.39934602 0.098171785
0.39047518 0.34912646
0.39927673 0.43374783
0.39895138 0.40658244
0.39042118 0.41229412
0.40081263 0.4727037
0.40205494 0.3534737
0.39750504 0.4506653
0.3908452 0.49714348
0.39009845 0.38523927
0.3906284 0.2611392
0.3902753 0.3517156
0.3997809 0.39078838
0.3980102 0.46297273
0.39059505 0.3924858
0.3975214 0.14970222
0.4000155 0.42303225
0.399791 0.47478333
0.40143934 0.40419355
0.39865306 0.3984317
0.39041266 0.40269896
0.39733607 0.42217562
0.4029974 0.34204197
0.39070323 0.3839895
0.398162 0.3188321
0.39044043 0.42704463
0.39679906 0.3792382
0.39684713 0.34823507
0.40634063 0.26481184
0.39656052 0.47571382
0.39036116 0.37090307
0.4063407 0.47341067
0.41931078 0.42934126
0.39028326 0.4027502
0.39057106 0.47186494
0.39053273 0.3110157
0.40234658 0.36983284
0.39788997 0.36791605
0.39068368 0.41534972
0.39039716 0.39774328
0.40608293 0.22599593
0.39031503 0.38578966
0.41301784 0.23615587
0.39028326 0.44780022
0.41126806 0.73028183
0.40679106 0.3887619
0.39013836 0.3881025
0.3900015 0.41409877
0.3905728 0.25185263
0.39044514 0.3617512
0.39226553 0.37273517
0.3999188 0.3887629
0.4153326 0.41719392
0.4173722 0.39835072
0.39800376 0.39552513
0.39947486 0.43476647
0.41201285 0.21107917
0.40220505 0.34957358
0.3905157 0.42071173
0.4004158 0.48427048
0.40278324 0.3893984
0.39053112 0.34724116
0.39023542 0.36479595
0.39606372 0.22141662
0.39687362 0.42439273
0.3969269 0.06415802
0.39039907 0.41313246
0.40013602 0.39303437
0.39817828 0.70298
0.39068532 0.27484408
0.39053103 0.38692957
0.39829278 0.42020014
0.39022735 0.39195126
0.40708682 0.43043333
0.39927185 0.60685533
0.4061257 0.066331394
0.39999005 0.4299226
0.3972955 0.37792248
0.39066258 0.38456658
0.39813864 0.41574293
0.40454367 0.14116393
0.39704266 0.47558266
0.40036938 0.42332682
0.39025244 0.40311554
0.40484437 0.37687436
0.39079863 0.3703334
0.40007648 0.39771345
0.39070156 0.39079806
0.39444813 0.41663232
0.39752987 0.38158038
0.3906151 0.55520266
0.390659 0.4171846
0.39039516 0.37495542
0.3916558 0.63520503
0.39026538 0.64992034
0.39736974 0.46448466
0.39031333 0.3539764
0.39162198 0.3764815
0.40194514 0.44810152
0.3967357 0.42458534
0.41633913 0.43440586
0.3968701 0.32917625
0.39048713 0.42929086
0.39641866 0.32532695
0.39910293 0.23048636
0.390651 0.40672964
0.39065742 0.38389203
0.4043186 0.42308807
0.39993733 0.18261194
0.39536196 0.40120792
0.40205032 0.40408495
0.39983913 0.3813035
0.40585935 0.16818547
0.3908861 0.56763947
0.40102136 0.09956383
0.41654366 0.2715706
0.3903972 0.4110588
0.39263543 0.3761463
0.39788786 0.43521738
0.3969035 0.40703225
0.4036332 0.4807724
0.4042243 0.43470228
0.41054046 0.35116398
0.39723387 0.3932944
0.3968354 0.4055986
0.39964977 0.39421883
0.428202 0.22981259
0.39112917 0.6077853
0.4178801 0.33123183
0.39054704 0.645996
0.3954676 0.21712932
0.3973797 0.35428935
0.39052066 0.32395574
0.39751807 0.38129777
0.39063904 0.4228842
0.39971435 0.45059425
0.40208387 0.30374372
0.4004649 0.36975276
0.3952327 0.27463353
0.39947674 0.13997033
0.3948336 0.37075773
0.39057505 0.29268822
0.3996155 0.40270194
0.3903812 0.38236773
0.39834622 0.33528087
0.3905768 0.39699885
0.3991029 0.43234372
0.40146753 0.35313228
0.39420488 0.44271168
0.39079472 0.31124598
0.40170264 0.35865122
0.39760613 0.38184378
0.41072014 0.43501836
0.39037925 0.40820318
0.39029777 0.40979296
0.39051715 0.5254207
0.39849764 0.44957045
0.4029001 0.41972694
0.39061975 0.41882065
0.39047518 0.42820942
0.40203407 0.27786013
0.39804175 0.39828572
0.39843395 0.5220962
0.3908112 0.6313917
0.39051512 0.35972917
0.40437278 0.36949804
0.40431216 0.47570553
0.4032283 0.4265508
0.4030138 0.26539606
0.40667698 0.37018925
0.40466663 0.34328493
0.39742303 0.20533465
0.39878568 0.4088604
0.39035514 0.53344953
0.39767835 0.1965081
0.3985744 0.41215152
0.39148185 0.38077632
0.39958885 0.34563628
0.40295294 0.43297917
0.39063817 0.4003224
0.40431216 0.4077908
0.39679205 0.45201203
0.40195534 0.4349759
0.39087254 0.42111957
0.39763254 0.34484786
0.40325406 0.4215419
0.40718433 0.40877804
0.3905764 0.37965897
0.39991707 0.4475739
0.40574005 0.42619902
0.4056691 0.39658204
0.41049612 0.39125365
0.40205032 0.39239997
0.39820692 0.4249582
0.39775574 0.41692376
0.39975473 0.3951998
0.3902354 0.45015955
0.39749166 0.28404725
0.39809248 0.5449801
0.39858145 0.38416278
0.40066913 0.18119104
0.403254 0.42253244
0.39749163 0.4121869
0.3972719 0.4606657
0.3904213 0.9440858
0.39806864 0.38790593
0.3973765 0.3957804
0.44500205 0.60578334
0.40307608 0.34525937
0.39726663 0.32842863
0.40282878 0.41120163
0.39074463 0.42551994
0.3975897 0.34748712
0.39282575 0.43906426
0.3998307 0.40097997
0.39356548 0.60974056
0.3986462 0.057354633
0.40183976 0.44730765
0.39070895 0.40900326
0.40157655 0.15365574
0.39054564 0.2524471
0.40534404 0.42119226
0.39065078 0.39482003
0.39784735 0.45902815
0.39388248 0.376525
0.39714044 0.42994034
0.39740583 0.45602265
0.4017007 0.7820139
0.40878862 0.41252086
0.39055306 0.42142108
0.39048347 0.3161687
0.39076415 0.4291034
0.39027613 0.38231003
0.3968354 0.3589618
0.39072517 0.2821001
0.39842045 0.43023396
0.3994898 0.45094985
0.39431727 0.28514513
0.40047035 0.4186355
0.39728564 0.41067296
0.3972008 0.40759242
0.39749718 0.38591254
0.40047035 0.41556895
0.39021134 0.38268077
0.40538737 0.39544436
0.39044517 0.5236338
0.396805 0.44863582
0.3969943 0.49654803
0.40149504 0.48162216
0.39679202 0.4520704
0.40070662 0.41043854
0.39069965 0.40196896
0.40070656 0.44772452
0.400164 0.3973571
0.40158528 0.45609784
0.39817825 0.045411978
0.41973636 0.77006537
0.40728977 0.44234654
0.40225795 0.4440164
0.39810222 0.05819869
0.41201094 0.45878044
0.39692214 0.03122728
0.40325403 0.42821404
0.40601906 0.6031046
0.40426186 0.42846975
0.39768267 0.38965616
0.3982148 0.4051235
0.39178708 0.3980852
0.39822122 0.40679204
0.40175793 0.4746352
0.3923681 0.39002562
0.39878866 0.37859038
0.39697668 0.47862393
0.40024903 0.4078546
0.3968781 0.12203144
0.39059505 0.46298575
0.39753458 0.39462703
0.40180644 0.32511947
0.4077054 0.39820498
0.39661092 0.4002414
0.40454078 0.42797586
0.40156242 0.3934288
0.39067316 0.37752047
0.40097013 0.65673715
0.40753233 0.55756295
0.39135537 0.38828328
0.41521475 0.36582902
0.39027125 0.54802877
0.3941944 0.5805404
0.4040421 0.44164357
0.39989814 0.36072448
0.39489695 0.20839196
0.39911786 0.28762567
0.39059508 0.41932908
0.40362749 0.4301156
0.39047718 0.41810042
0.3975057 0.46889308
0.40723285 0.3797953
0.40170524 0.38063645
0.40431064 0.3793756
0.39202634 0.6932511
0.40534404 0.40381747
0.404691 0.32094812
0.39922687 0.18579227
0.3992062 0.3436481
0.4043106 0.39719066
0.39750996 0.277129
0.38993564 0.42642087
0.4044679 0.37685385
0.39062306 0.4151688
0.40494344 0.3705387
0.39071497 0.40065947
0.39675742 0.3732323
0.4072898 0.43930823
0.4024098 0.15197577
0.3906807 0.41056687
0.39057708 0.6340164
0.40458116 0.41539755
0.39278343 0.27652487
0.39793304 0.36490867
0.40329203 0.14994024
0.39022332 0.56010085
0.40350276 0.40753916
0.4042239 0.1340666
0.39162758 0.36111635
0.40401107 0.4039952
0.40011355 0.35963178
0.40013605 0.31173566
0.39882502 0.21335745
0.39849913 0.08741674
0.4063019 0.4035095
0.39058837 0.49765903
0.39069435 0.30908033
0.390655 0.38787097
0.40004137 0.37002173
0.4043061 0.40257046
0.40534404 0.39073366
0.39964336 0.38638875
0.39679623 0.3467549
0.39676604 0.4764266
0.3926865 0.44643545
0.3987578 0.40124384
0.39680502 0.15843186
0.4048948 0.42622146
0.39817828 0.38087583
0.39361283 0.39741218
0.3908215 0.37740618
0.40534404 0.42816153
0.3926244 0.42504486
0.39064303 0.43867126
0.3905591 0.42639974
0.40195248 0.41474047
0.3938825 0.37629116
0.39941582 0.3866167
0.3997375 0.18073556
0.39578465 0.4111053
0.3968106 0.35351467
0.39755994 0.38664663
0.43236408 0.65583634
0.4146937 0.44100797
0.39870644 0.29333958
0.39433968 0.434485
0.4059674 0.6815533
0.40158516 0.401541
0.3973265 0.43107775
0.3905951 0.251702
0.4168761 0.37316275
0.39891642 0.34196508
0.39827764 0.38215226
0.42020902 0.19607657
0.39648026 0.39917836
0.40374467 0.4406777
0.39936364 0.3367892
0.39052913 0.42275286
0.39705223 0.4655442
0.40130177 0.43024737
0.39817318 0.21718782
0.40128177 0.24571796
0.39509436 0.3755759
0.39765576 0.13354443
0.39814207 0.4813075
0.39026737 0.40952155
0.39910293 0.16266635
0.40542027 0.15497275
0.390613 0.40540886
0.39868635 0.023014644
0.3905392 0.3173532
0.3906031 0.40047073
0.390344 0.43472865
0.39777264 0.4343312
0.40441248 0.58155715
0.39060706 0.4082975
0.39900023 0.44390053
0.3991446 0.43582052
0.40325403 0.4124187
0.39733765 0.4844926
0.39072725 0.34644228
0.39034924 0.3922433
0.39052907 0.44679564
0.39451656 0.26410747
0.40598115 0.38436767
0.39832076 0.6848737
0.39059696 0.2511285
0.39933524 0.3649427
0.40709993 0.43842286
0.40108582 0.3929316
0.40144327 0.47641903
0.40431216 0.4252547
0.39800665 0.39374265
0.39679208 0.42398205
0.39068618 0.34861818
0.39610168 0.42429686
0.39067295 0.41420558
0.39087144 0.39278737
0.3905471 0.42834464
0.39069113 0.41682312
0.3908296 0.41389462
0.39853215 0.44764417
0.39012742 0.55957735
0.3972259 0.4645478
0.39022598 0.4494642
0.41825238 0.38757506
0.39741078 0.47319552
0.3984511 0.40897262
0.39072207 0.40246156
0.39262435 0.41953492
0.39057463 0.36050776
0.3907151 0.36195508
0.39736935 0.40159085
0.4027866 0.35192433
0.4067987 0.35190913
0.40649396 0.45963287
0.3985841 0.39157566
0.39986435 0.41074744
0.40088233 0.36036864
0.40036932 0.23887976
0.39737302 0.35734135
0.4063407 0.40356916
0.39250478 0.43311477
0.418911 0.28251585
0.39182693 0.3923201
0.39056993 0.30177882
0.41418752 0.57576746
0.3967836 0.4596207
0.39524114 0.37800297
0.39128128 0.3494421
0.4050603 0.43554753
0.4014689 0.41454306
0.3975114 0.41378075
0.39074162 0.44240624
0.39822602 0.4262959
0.39039123 0.41912547
0.40516952 0.24559969
0.39063105 0.42965218
0.39698598 0.27927452
0.3903793 0.4766907
0.39772058 0.38574383
0.39056715 0.3552459
0.3905637 0.38275853
0.39901325 0.41855064
0.39047995 0.3740943
0.3997252 0.35264447
0.39995548 0.3738754
0.39029935 0.35884398
0.39895484 0.4066488
0.4034101 0.46151644
0.39065513 0.43169636
0.39959684 0.21776198
0.3980925 0.39893153
0.39869028 0.21460567
0.39840803 0.17364949
0.3905594 0.33123693
0.3905392 0.30822465
0.4132121 0.3409379
0.39978713 0.4222273
0.42360914 0.32450578
0.39043918 0.4226828
0.39872548 0.26264304
0.39989004 0.44836202
0.40024903 0.37758216
0.3971483 0.09473867
0.40278324 0.3955711
0.3902114 0.8036228
0.3935655 0.4239025
0.39051715 0.40662447
0.39023545 0.3790658
0.40431213 0.3610081
0.40165213 0.2606885
0.39783874 0.4528417
0.39792082 0.4267813
0.40401107 0.3862279
0.39059505 0.37156337
0.39106938 0.41035798
0.39058313 0.4220426
0.3993081 0.41205543
0.4029629 0.3593954
0.4001349 0.2750036
0.39889875 0.40353945
0.3905471 0.37941676
0.39721158 0.46136037
0.39057586 0.39400005
0.39936367 0.36088878
0.39078757 0.3367603
0.39055148 0.5558092
0.39066502 0.44670156
0.39952698 0.36607882
0.39048716 0.32884067
0.3991786 0.3686791
0.39698687 0.4653276
0.39720678 0.29975462
0.40049505 0.40810096
0.40724993 0.39912546
0.39762896 0.3730419
0.40103975 0.42600912
0.41186592 0.39688897
0.39419955 0.8650458
0.3979611 0.38468263
0.39808643 0.37914896
0.39022484 0.33688402
0.39905557 0.41611496
0.38999566 0.3887793
0.3974058 0.45611086
0.39809248 0.47668856
0.40281543 0.43349135
0.39910293 0.48003474
0.39836505 0.45430568
0.39937755 0.43388197
0.40327597 0.4063289
0.4021738 0.37539947
0.40238827 0.24717386
0.39843994 0.4076547
0.3907149 0.28944123
0.41401622 0.41889673
0.39737764 0.48045582
0.39564687 0.43022355
0.397991 0.37546152
0.4019176 0.45215964
0.40077797 0.27001825
0.3974917 0.5039155
0.39054024 0.3860094
0.39073768 0.457575
0.40585935 0.4169615
0.39971718 0.29954743
0.3970069 0.3596104
0.407957 0.38152465
0.39578465 0.45980015
0.4040428 0.40298373
0.41008157 0.33723196
0.39973748 0.43201366
0.39706644 0.46430022
0.40005168 0.31530097
0.3907245 0.43121353
0.3914282 0.36176506
0.39689085 0.489138
0.4030452 0.17513454
0.39993957 0.41674063
0.4150826 0.41276908
0.39004958 0.4207444
0.42706215 0.34973878
0.39068824 0.3099277
0.40764755 0.38778353
0.40073276 0.46749368
0.39039728 0.41715863
0.39221498 0.30239135
0.4068897 0.40954018
0.39532992 0.42173454
0.39059132 0.42260668
0.39064565 0.44629225
0.39816937 0.36994165
0.39051414 0.4123643
0.39858663 0.5600668
0.4040428 0.369927
0.39056626 0.5005357
0.39083615 0.36016548
0.39226553 0.42315185
0.40157157 0.41814294
0.39062873 0.42498553
0.4000692 0.32372785
0.3907316 0.41586748
0.3905351 0.4409789
0.3994612 0.030927055
0.40425646 0.1342708
0.39035517 0.3534137
0.39958885 0.41872463
0.40315583 0.35116154
0.40382192 0.4070941
0.3911292 0.38440973
0.39826417 0.49917492
0.39060163 0.37142554
0.40391994 0.16152862
0.40319592 0.1348537
0.3904689 0.4139777
0.39663002 0.41178384
0.40188518 0.4682796
0.39878997 0.17933571
0.3904297 0.3234112
0.39042374 0.31677443
0.42356917 0.44720402
0.4027771 0.48215374
0.40277702 0.43543726
0.40234464 0.39754087
0.40164837 0.41853783
0.40026763 0.35424086
0.39070085 0.3782137
0.38986513 0.45460352
0.4203439 0.38159278
0.39042708 0.38701615
0.39845106 0.3681838
0.39714834 0.22494411
0.40112105 0.47426924
0.42798385 0.32833093
0.39454395 0.25560117
0.40056112 0.49241307
0.45013854 0.6247557
0.3985814 0.48690972
0.40234238 0.20008396
0.4114044 0.4183662
0.40546635 0.501336
0.39055896 0.41661116
0.39745674 0.4099393
0.4041008 0.35403147
0.3989548 0.42261294
0.39044163 0.4439091
0.39043924 0.39378187
0.4048948 0.43677422
0.4269124 0.22540107
0.39052957 0.32920825
0.4006593 0.21206114
0.3963549 0.22599006
0.3938825 0.52429944
0.4020503 0.40031844
0.3973697 0.72581786
0.403254 0.25843826
0.39983654 0.28326806
0.3971516 0.25691187
0.39694607 0.472945
0.39799592 0.34388858
0.3938825 0.36062118
0.39006752 0.39721212
0.39768672 0.404516
0.39029133 0.41243005
0.39071497 0.48662624
0.39038882 0.52031904
0.3906267 0.39485222
0.40879098 0.3605239
0.39737728 0.46582773
0.3998702 0.44843504
0.40325406 0.4249468
0.39832988 0.5998015
0.39798132 0.4049266
0.39356545 0.7560557
0.39634594 0.32665476
0.40493003 0.40663624
0.42579028 0.20658028
0.400296 0.36265364
0.40220526 0.4365064
0.3905231 0.67079777
0.396766 0.24634333
0.39804626 0.4282577
0.39274403 0.42927253
0.390721 0.4499796
0.39832616 0.18805741
0.40903845 0.46264032
0.39732817 0.42583758
0.39871183 0.4754742
0.397835 0.4700352
0.39679202 0.26109505
0.39060107 0.40946192
0.39758596 0.41373953
0.40002772 0.26871216
0.41689333 0.36937103
0.40040788 0.40379316
0.39065498 0.3625403
0.41046795 0.5601748
0.39868745 0.23013905
0.39065498 0.42483395
0.40347978 0.3806643
0.40101114 0.4437306
0.39045113 0.3589238
0.3904581 0.2925662
0.39059502 0.41604722
0.4032947 0.1515338
0.39761057 0.48268425
0.39962444 0.4167573
0.39069098 0.46585727
0.3905045 0.4354699
0.39679202 0.43372393
0.40876433 0.41464388
0.3901748 0.40627706
0.3998479 0.34923974
0.3905951 0.38855535
0.39041194 0.36806706
0.39729515 0.39302668
0.39024124 0.5435065
0.39066246 0.35496634
0.40293792 0.42760196
0.40431216 0.4276897
0.40376732 0.39130473
0.39925763 0.25286284
0.40121213 0.4695813
0.39069065 0.3603113
0.40577108 0.18936591
0.390525 0.3177142
0.39712828 0.4356696
0.40088233 0.40814233
0.39926603 0.16718474
0.39083612 0.38711444
0.39940584 0.52681553
0.3970527 0.45217937
0.39076415 0.39731172
0.39839286 0.44703922
0.3989607 0.3957809
0.39434215 0.39623985
0.39059985 0.29910502
0.39857796 0.48468912
0.40728977 0.43534905
0.39705274 0.35118788
0.40058097 0.45697483
0.4004908 0.3980386
0.3903192 0.40843624
0.39042118 0.4256898
0.390683 0.36961526
0.40670457 0.14728668
0.40534404 0.41119835
0.39066696 0.566921
0.39903244 0.36280426
0.3990423 0.4258004
0.39236808 0.3842852
0.39042002 0.39810684
0.3907165 0.38953993
0.41992852 0.25238886
0.40179414 0.14534047
0.4035373 0.34360707
0.39869833 0.36638317
0.40471885 0.40590298
0.39042726 0.38097703
0.4043121 0.42142636
0.39870554 0.022628354
0.3907641 0.42052794
0.3986946 0.40768307
0.3905291 0.43253124
0.3967803 0.18584554
0.39088604 0.4210628
0.39064085 0.40503642
0.40371567 0.4030142
0.39267877 0.37972456
0.40011624 0.35199577
0.4063407 0.40848616
0.4062463 0.413241
0.39021286 0.39727548
0.3907085 0.40454313
0.39817712 0.016230708
0.3983582 0.22274974
0.3908861 0.43478027
0.3991029 0.41934383
0.39069834 0.37988168
0.41153607 0.23563288
0.39048973 0.4382967
0.39054367 0.34202212
0.390703 0.8762723
0.3904272 0.38948187
0.39940915 0.43830806
0.390649 0.38698882
0.39992374 0.44357112
0.40918908 0.62494004
0.39452192 0.41502598
0.39064303 0.26022238
0.39857438 0.45145762
0.39022923 0.36835894
0.39048317 0.43086448
0.39063096 0.42554706
0.39083618 0.41505563
0.39759064 0.42876914
0.39998946 0.41043085
0.39066845 0.5876259
0.39071864 0.3919402
0.40817562 0.28758872
0.40401107 0.42607328
0.41721871 0.3291455
0.39814347 0.26706985
0.39067736 0.40604028
0.3983361 0.4709255
0.39299485 0.32389873
0.39963967 0.47092143
0.39698717 0.4885589
0.40029153 0.47747907
0.40545937 0.45598534
0.39065498 0.3946478
0.4030761 0.23172832
0.41231897 0.29760394
0.40325406 0.4347381
0.39064044 0.42230114
0.4328673 0.41988128
0.39046708 0.3637442
0.5161115 0.43415695
0.39838573 0.3163165
0.3972641 0.4273958
0.39915547 0.31619245
0.39502376 0.41770992
0.39059022 0.39280522
0.39472792 0.4255932
0.3906643 0.4554746
0.4029236 0.25527745
0.3999656 0.4872393
0.39202634 0.43188214
0.39685714 0.21569921
0.4189784 0.23264773
0.4071542 0.37608203
0.4089331 0.2166208
0.39058116 0.37411085
0.39708957 0.28138024
0.4050165 0.3397814
0.39756986 0.34265634
0.405344 0.39155194
0.40697342 0.3870775
0.44360372 0.36186266
0.39888272 0.39744988
0.4056976 0.43983072
0.4018696 0.14642613
0.5152462 0.5309893
0.39055908 0.4257655
0.3988952 0.32761598
0.41261628 0.22511987
0.39708012 0.39061794
0.39079484 0.33050212
0.39060706 0.42116612
0.40261364 0.424731
0.3906456 0.25565326
0.39069992 0.34392536
0.39746186 0.45580345
0.3906803 0.3817341
0.39048305 0.36037096
0.3984002 0.24308853
0.3983697 0.43429047
0.39728564 0.348936
0.39068496 0.42737412
0.39034662 0.40732524
0.399126 0.23873624
0.4018398 0.42876187
0.4010858 0.41864833
0.40083656 0.41414294
0.39059487 0.24983446
0.3905951 0.41808063
0.40324587 0.41836187
0.3987117 0.4640563
0.41311073 0.2879561
0.3901935 0.39971676
0.39053604 0.39152938
0.3906814 0.27896896
0.3906754 0.44925326
0.399494 0.4230308
0.39915076 0.47801164
0.39037326 0.40003434
0.4048033 0.32451022
0.39713582 0.3941121
0.40469095 0.41951352
0.40437827 0.4510121
0.40855166 0.21878506
0.5221455 0.39861885
0.3994158 0.44165716
0.39704853 0.28499103
0.39060602 0.5013482
0.40088233 0.41268417
0.39037937 0.41449428
0.39053327 0.31760144
0.3926244 0.41142213
0.39072868 0.41691768
0.4012818 0.3935611
0.41696212 0.5039636
0.39061427 0.40293422
0.39816937 0.40130103
0.3995325 0.3414377
0.39813533 0.46862796
0.4001343 0.03383621
0.39868674 0.28368556
0.39071295 0.41943172
0.3981683 0.28874812
0.39040196 0.41758028
0.39740583 0.48387814
0.39837444 0.32736716
0.3951506 0.6472958
0.40205026 0.3339073
0.39832076 0.42880648
0.39024973 0.39453152
0.39058828 0.2722964
0.39927182 0.41804022
0.41204074 0.23739551
0.39072096 0.40596306
0.45921472 0.6559481
0.3906848 0.38786462
0.39083615 0.3417934
0.4217179 0.33580756
0.39958888 0.46287444
0.39578465 0.23948401
0.3974487 0.4889149
0.3972464 0.38656223
0.39840758 0.44813305
0.39063212 0.37529215
0.4094719 0.3118614
0.40577275 0.25682557
0.3954073 0.36798772
0.44223604 0.51988727
0.40045437 0.48271173
0.39042723 0.4029493
0.40774092 0.42612997
0.40751022 0.16990358
0.39705268 0.39313698
0.3906335 0.33752915
0.39074972 0.2570736
0.41255882 0.36687997
0.39901423 0.4228823
0.41529688 0.26701802
0.40126917 0.21923107
0.40517712 0.41972616
0.41284117 0.31402794
0.39049911 0.40575027
0.40325013 0.41894484
0.3914356 0.4201282
0.40015098 0.31392065
0.39831746 0.38293627
0.39958888 0.4168389
0.41264394 0.32915318
0.39778596 0.3710335
0.4087721 0.35858366
0.39654553 0.30399433
0.39730367 0.5316618
0.398662 0.4731866
0.39054832 0.3646877
0.3992072 0.3794625
0.3906999 0.37956634
0.41753897 0.23322612
0.39055508 0.36871284
0.39817318 0.4646312
0.40277708 0.38304958
0.39058602 0.41447037
0.3903713 0.68334895
0.4029629 0.39730707
0.39067897 0.394651
0.4006687 0.33192968
0.39029032 0.37506914
0.39066103 0.42202774
0.39053208 0.40830734
0.4082708 0.47036278
0.3932485 0.36790124
0.39076412 0.43891242
0.39916897 0.3769823
0.40602398 0.37299988
0.400084 0.5405129
0.39782313 0.44894716
0.39045927 0.2704381
0.40112704 0.4207652
0.39946064 0.17636332
0.39018142 0.47204852
0.404296 0.4326009
0.39950854 0.29856762
0.39077076 0.36249316
0.4082283 0.39453232
0.39029974 0.35047197
0.3996767 0.46572673
0.3974487 0.0700772
0.39809248 0.65619546
0.39770508 0.19677243
0.40401107 0.4364859
0.40798846 0.3315225
0.40034634 0.47274926
0.42233238 0.40244716
0.39030045 0.39764333
0.39409387 0.44356167
0.39578465 0.40713775
0.3907334 0.426949
0.40161955 0.4112628
0.39826414 0.42879397
0.3958451 0.35533142
0.39765453 0.0926169
0.40495977 0.47414336
0.3971483 0.4234681
0.39061823 0.34272403
0.40534404 0.40640745
0.3978465 0.16874786
0.39030552 0.43352082
0.4024128 0.37210912
0.40238824 0.37892035
0.41569427 0.3946238
0.3908861 0.4258081
0.40458116 0.36335558
0.39866623 0.21328063
0.3982944 0.30821645
0.39620736 0.40321386
0.397629 0.16232392
0.4078259 0.1937282
0.39062503 0.4327518
0.3990405 0.39731604
0.39755604 0.46412307
0.39069042 0.30215433
0.39324847 0.33775705
0.39912674 0.4027242
0.39721075 0.15871562
0.3905391 0.6628665
0.39536193 0.42129958
0.4018398 0.8181888
0.40834847 0.4092291
0.40495977 0.30046177
0.396805 0.4698834
0.40205678 0.23615898
0.40008828 0.47542167
0.3971881 0.40400103
0.40135068 0.47242582
0.39022326 0.98998487
0.39820465 0.41182905
0.39830318 0.38974094
0.39697558 0.43085626
0.39075318 0.43566534
0.39910293 0.5096562
0.39025933 0.413307
0.39726275 0.41335946
0.39053917 0.4204815
0.40761337 0.43030864
0.40528905 0.28507382
0.39061102 0.35805422
0.39705274 0.23830068
0.4043106 0.46622595
0.39742014 0.47371128
0.39780852 0.43656135
0.39692214 0.4824513
0.40192434 0.42347118
0.3904691 0.449385
0.3972637 0.37901968
0.39051077 0.40812805
0.40662178 0.19660284
0.39729804 0.10395058
0.39858136 0.43569556
0.39857438 0.30138102
0.41476604 0.42819974
0.39702457 0.33249357
0.39084873 0.41439435
0.40022162 0.1780707
0.4058082 0.39457718
0.39406377 0.45285383
0.39052707 0.4153954
0.39893147 0.3216779
0.4089672 0.36983928
0.39057747 0.43948495
0.4008824 0.47136566
0.39768678 0.44799557
0.3901754 0.38596028
0.4079996 0.4559697
0.39871874 0.34015685
0.39037123 0.34755033
0.39991704 0.4242839
0.40620133 0.398825
0.39058906 0.67352456
0.39816943 0.40897983
0.39054495 0.2610542
0.3988472 0.4010107
0.40235478 0.4553084
0.39343706 0.39230102
0.39777055 0.40388846
0.39770618 0.4721881
0.40002504 0.45483938
0.40160778 0.3943697
0.39886162 0.40516394
0.4255768 0.21991536
0.39066705 0.40517417
0.39062932 0.38915238
0.39766338 0.46801025
0.39783493 0.40678686
0.39047518 0.4024028
0.39768678 0.30082822
0.399833 0.46492398
0.4027724 0.18709016
0.39682457 0.45304045
0.397972 0.27164
0.4092129 0.3821017
0.39058313 0.40643224
0.4000787 0.38459197
0.39062098 0.283461
0.40495977 0.5172417
0.39019933 0.5582557
0.40533936 0.15182838
0.42102116 0.3153996
0.39768672 0.2771486
0.390721 0.36975676
0.40011624 0.3741215
0.39689082 0.43487927
0.399974 0.40110147
0.39048317 0.4274531
0.4091951 0.3750036
0.39020538 0.42425594
0.40639493 0.38787013
0.40024903 0.4060908
0.40390882 0.14623721
0.40527543 0.44729033
0.39701104 0.40809134
0.3904871 0.6639017
0.39069098 0.44847193
0.39515057 0.3934694
0.39066613 0.26632512
0.3985814 0.41624779
0.39072528 0.25587147
0.40642542 0.29743293
0.39847073 0.41766423
0.3943434 0.2750339
0.39385423 0.37209508
0.3970527 0.41030663
0.39825875 0.48583114
0.40426186 0.39132243
0.3902115 0.4316471
0.4042912 0.32027686
0.39599302 0.24046701
0.40038392 0.3768161
0.39052033 0.32699978
0.41025826 0.49784416
0.39567629 0.40412524
0.40073994 0.37296975
0.3907743 0.3175211
0.39014995 0.38830686
0.39053342 0.3032841
0.4007066 0.42790923
0.4217794 0.31910652
0.39676124 0.3275812
0.39054114 0.41766158
0.39994583 0.57690334
0.39344367 0.19097352
0.4050139 0.37919238
0.39069095 0.41071656
0.39063585 0.40713844
0.390703 0.8273235
0.40456513 0.14713614
0.39863783 0.40264675
0.39696783 0.08389721
0.40534404 0.4312043
0.39051035 0.32036203
0.3974917 0.4307044
0.3976237 0.33959347
0.40989968 0.40278846
0.41265193 0.16438119
0.39067808 0.43746984
0.39637902 0.3087336
0.39676198 0.28471553
0.39052305 0.34092382
0.39927647 0.3444333
0.39809173 0.46304435
0.40401116 0.38577986
0.3905351 0.6055154
0.40534407 0.43691054
0.40078032 0.33527365
0.39614883 0.35372558
0.3932485 0.45246705
0.39069694 0.7780059
0.39721704 0.37496203
0.39075488 0.4091605
0.39679205 0.48132965
0.3905711 0.35913387
0.4040698 0.4225788
0.4020503 0.4331981
0.3954676 0.4487061
0.4060516 0.41359538
0.39419955 0.81368476
0.39826414 0.37718883
0.4212643 0.3200099
0.3968737 0.39773667
0.4030138 0.4061009
0.39925072 0.38055345
0.40188333 0.14644991
0.41596398 0.42690393
0.39021146 0.98137224
0.3900938 0.38570407
0.40193743 0.45517102
0.40065488 0.33938622
0.39723414 0.69476974
0.40092513 0.1604284
0.40016788 0.23909324
0.40278324 0.3864101
0.39067292 0.5479799
0.39791104 0.28051025
0.39785495 0.35046706
0.3985441 0.45163742
0.3999656 0.47152817
0.4120395 0.3631802
0.3998559 0.40331775
0.39064303 0.6600887
0.39813784 0.48872298
0.39722466 0.080344155
0.38995954 0.41273576
0.39615563 0.38924563
0.40025294 0.42065513
0.40246013 0.45324436
0.39031723 0.4195885
0.39695486 0.47891358
0.40045443 0.24292283
0.3902115 0.3146425
0.3978981 0.38129833
0.3910295 0.4162444
0.39809248 0.33300045
0.3903162 0.4037971
0.39054435 0.3785469
0.39965186 0.27833542
0.40692475 0.4518285
0.39804956 0.47339043
0.3992985 0.17167065
0.3903192 0.5178926
0.39947674 0.12818421
0.40013605 0.48621386
0.3977265 0.05052417
0.3910295 0.45507845
0.39483353 0.42257273
0.4489041 0.61017835
0.39080298 0.2265996
0.3970339 0.104916476
0.41287962 0.43764225
0.39060095 0.36826295
0.40049744 0.66838664
0.39970085 0.4022823
0.39038962 0.31721836
0.39850172 0.43261302
0.40694496 0.30369872
0.39640942 0.6288542
0.3965455 0.29915112
0.3914282 0.4229367
0.3902115 0.36605096
0.3999224 0.33950248
0.39991128 0.43037722
0.3983722 0.39653283
0.39041832 0.4250991
0.390483 0.36250475
0.40040788 0.4041658
0.39734095 0.02779074
0.3971038 0.36585823
0.39056516 0.37628567
0.3906473 0.36208832
0.40521234 0.18523769
0.4042565 0.13494107
0.39069325 0.35951295
0.39677066 0.4356234
0.39046586 0.34706473
0.39070043 0.37745646
0.41019702 0.4718249
0.39741716 0.023726722
0.40517715 0.42211506
0.40260532 0.17125241
0.38981605 0.4549502
0.39992094 0.33728024
0.39866838 0.41872573
0.3940487 0.37455642
0.402866 0.18999368
0.3903073 0.36837137
0.39919925 0.31222638
0.40047032 0.5346647
0.423991 0.65145177
0.39824694 0.41032875
0.3905621 0.38081893
0.40032637 0.42521045
0.39637634 0.2758371
0.4062306 0.34418383
0.40266916 0.44676808
0.39014545 0.5643796
0.39168453 0.42349544
0.39970085 0.6531651
0.39064306 0.4135441
0.39067727 0.36696735
0.40619305 0.32470876
0.39035216 0.36977136
0.39832076 0.7111286
0.3903492 0.3755044
0.40024903 0.29999223
0.3988262 0.4055551
0.39057907 0.4244549
0.39031926 0.45043907
0.39485148 0.39415354
0.39060107 0.91561365
0.39678186 0.09274651
0.3986378 0.4117726
0.39045116 0.39960548
0.390154 0.4050704
0.39045712 0.38941106
0.39055026 0.43493557
0.39816943 0.23422702
0.4041696 0.17172866
0.40273228 0.35575965
0.4029924 0.429305
0.39895484 0.37475613
0.40495977 0.42187482
0.3982355 0.3713569
0.39041278 0.36962944
0.39790863 0.37779644
0.3972008 0.3507308
0.3954855 0.40288103
0.39055982 0.26883087
0.39060703 0.41567662
0.39778593 0.34799358
0.4038789 0.556639
0.39042127 0.57698536
0.40175793 0.47488558
0.39747542 0.3362714
0.4144217 0.30881837
0.39768803 0.2593157
0.39071867 0.4519307
0.40346554 0.66142863
0.40534407 0.42812246
0.4056976 0.12702666
0.40260488 0.3785452
0.39065105 0.41308573
0.39990708 0.57762885
0.39356545 0.39074668
0.4042565 0.12942098
0.390625 0.3956647
0.40619472 0.4229619
0.3988049 0.017988859
0.39695925 0.408102
0.39177302 0.32760864
0.400501 0.40002376
0.39717552 0.4476303
0.3997849 0.41714358
0.39051116 0.81971043
0.4007803 0.09135107
0.39968237 0.48427925
0.40944323 0.4194363
0.39894646 0.09820988
0.39797348 0.32960773
0.3993038 0.47033778
0.3905771 0.5268293
0.39875528 0.37169558
0.40046826 0.39128667
0.39916617 0.40964425
0.40164834 0.40356925
0.39858052 0.46791682
0.3935437 0.37036115
0.4042565 0.12520435
0.39850917 0.28047425
0.40346566 0.42972344
0.399753 0.15835166
0.39984483 0.37542894
0.3975321 0.16640408
0.39013934 0.34659445
0.4226828 0.099139415
0.39076164 0.40465596
0.41595408 0.40385276
0.4011359 0.41987434
0.3907334 0.36965197
0.390691 0.40668225
0.39071098 0.43900487
0.4038732 0.37446058
0.39270982 0.41493672
0.39724645 0.37667766
0.40606603 0.43767127
0.39679295 0.39922178
0.40013602 0.38497907
0.39050516 0.3777051
0.39762434 0.13153967
0.39049914 0.36870202
0.39972982 0.40981647
0.40172938 0.15040915
0.39060465 0.34360638
0.3908487 0.6137525
0.39028293 0.38478193
0.3937557 0.39945436
0.3905919 0.3664587
0.39961305 0.041261993
0.40547922 0.25404775
0.40656415 0.29660904
0.3992767 0.452416
0.40146047 0.45760754
0.3899176 0.5009564
0.39515057 0.40034258
0.39063373 0.48450154
0.41159788 0.42663375
0.3979208 0.41169715
0.39047515 0.3721881
0.39068997 0.3721372
0.39974025 0.22578558
0.40157154 0.35944766
0.3920263 0.424345
0.39709556 0.32627812
0.4622652 0.7234115
0.3905951 0.89623755
0.39040214 0.38308972
0.39066693 0.40772688
0.390603 0.3758988
0.39076415 0.3600375
0.39282575 0.36110482
0.402307 0.32259622
0.39832076 0.43032366
0.39632806 0.414304
0.3978981 0.45649973
0.39610162 0.39749342
0.3978685 0.07213236
0.40012857 0.1847414
0.39021733 0.38230804
0.39067897 0.8541716
0.3908083 0.38129008
0.39044553 0.38564378
0.40268967 0.41274375
0.39045122 0.6830064
0.39047524 0.40005335
0.4005143 0.21010649
0.39801982 0.434254
0.39048725 0.29236275
0.40564302 0.24807376
0.39875948 0.4737078
0.39804626 0.43413958
0.40137288 0.09262509
0.39074567 0.49122268
0.39064303 0.4219335
0.39743832 0.19376925
0.4017053 0.37212363
0.3907269 0.3881349
0.40664545 0.49124423
0.4171448 0.24353535
0.40151358 0.42572317
0.4010858 0.4231306
0.39726278 0.035990376
0.39788777 0.39087498
0.3903493 0.34140012
0.40024903 0.39788133
0.41147396 0.30359298
0.39022738 0.36475345
0.390496 0.3523747
0.39899763 0.4896171
0.40129855 0.47523072
0.39808428 0.40031725
0.40542305 0.15546677
0.3938825 0.43420646
0.39058307 0.35852274
0.39344382 0.40505624
0.39799514 0.35567793
0.40244958 0.6686487
0.39067602 0.36642227
0.40251842 0.3394062
0.4029453 0.4299469
0.39066106 0.3700189
0.39451656 0.3874693
0.41971895 0.35591727
0.4043953 0.33439955
0.3988904 0.32031995
0.40331346 0.42414504
0.39839283 0.46902892
0.39888564 0.39490223
0.39062697 0.39530566
0.40234455 0.34456542
0.390667 0.5366168
0.40121552 0.40696454
0.40730405 0.38255215
0.4159974 0.25182956
0.39884982 0.4172683
0.40774214 0.132783
0.39041013 0.4270961
0.4084176 0.37780207
0.39895484 0.41416928
0.39801028 0.46798337
0.39051107 0.9069318
0.39770672 0.42639658
0.3975294 0.37274954
0.39050612 0.38402984
0.39051715 0.42787912
0.3956261 0.3292693
0.390637 0.35001668
0.39350212 0.38740012
0.3998757 0.24926217
0.3906714 0.2580453
0.41577715 0.3810952
0.39030734 0.35236743
0.40531582 0.29951093
0.40102795 0.3825475
0.4036195 0.27915433
0.40139097 0.45302683
0.39781812 0.35669726
0.39079973 0.35943326
0.39981627 0.41123188
0.40670288 0.6926162
0.39968672 0.36678302
0.39804095 0.37097663
0.39816943 0.45250058
0.39061335 0.3842275
0.39012134 0.41990754
0.3973772 0.084925175
0.39516655 0.33028972
0.39737722 0.40118968
0.39985073 0.40154144
0.4077146 0.3322982
0.3945166 0.4311409
0.39076418 0.4417854
0.3974754 0.387988
0.40034583 0.48629764
0.39840207 0.40621832
0.39036584 0.42455867
0.39960325 0.43341368
0.3906118 0.42387933
0.39571002 0.39766237
0.40585938 0.34164202
0.3996687 0.44735163
0.39072454 0.35766646
0.40503654 0.3763706
0.4050967 0.450171
0.4022472 0.3796828
0.39057177 0.39560422
0.40077677 0.3822248
0.39063993 0.41866276
0.39776292 0.096813805
0.404652 0.3381791
0.39059505 0.36703527
0.39736292 0.48134592
0.40469095 0.49006504
0.39731255 0.18743242
0.4114742 0.3675726
0.4082154 0.39388356
0.40822062 0.4104449
0.39722642 0.45508614
0.40431216 0.41630673
0.41364452 0.43537545
0.39898798 0.1859575
0.3906987 0.415044
0.390643 0.41637424
0.39054486 0.33815765
0.40730914 0.399714
0.42414042 0.40798405
0.4018539 0.47960874
0.39736137 0.39674625
0.40440208 0.4065928
0.3970746 0.47944057
0.3908861 0.56123716
0.40151036 0.36738917
0.4074085 0.20482205
0.3902053 0.86430115
0.3984076 0.43752185
0.39232534 0.42472795
0.39069694 0.41561118
0.41326764 0.43939796
0.39073345 0.41557986
0.39518347 0.41935208
0.3998027 0.46830183
0.3902422 0.42496645
0.40339848 0.36543298
0.39578462 0.43061054
0.40013602 0.43644422
0.4027771 0.4596432
0.3983499 0.4475539
0.39829278 0.34992433
0.40319017 0.14573759
0.40528902 0.41729587
0.3928019 0.27360758
0.423112 0.49042416
0.40658864 0.41568953
0.40676466 0.14245082
0.3994158 0.36447188
0.39077052 0.3938971
0.39754567 0.2784555
0.40149266 0.3564711
0.3905746 0.2534479
0.40564302 0.6044488
0.40532 0.44419438
0.39036486 0.421251
0.40244552 0.20812973
0.40728465 0.14531049
0.41438606 0.40469354
0.39962438 0.34603667
0.4060352 0.2530927
0.39790177 0.3916859
0.3971483 0.35176334
0.39029527 0.4149309
0.3967803 0.18590774
0.4056839 0.14287908
0.3907005 0.42619875
0.40065292 0.46235132
0.39047515 0.5166139
0.39046323 0.4403282
0.390595 0.4474381
0.39061412 0.44819322
0.3940093 0.38175276
0.40070656 0.42024675
0.39065102 0.35595033
0.3994768 0.21007735
0.40594548 0.21140613
0.40568525 0.335139
0.3974917 0.48896325
0.39052907 0.4401272
0.3904632 0.562956
0.40431216 0.3954282
0.40093136 0.40590185
0.39948907 0.74347055
0.3900975 0.42261833
0.39850822 0.32291323
0.4199286 0.67710733
0.39232537 0.6097047
0.4080228 0.39901188
0.3973911 0.4579398
0.39060208 0.40488666
0.3904058 0.37954342
0.4068152 0.4640035
0.39919904 0.4292057
0.40088233 0.35359254
0.39895484 0.3992782
0.39580277 0.3513146
0.39032575 0.34919304
0.39854518 0.44065732
0.40256283 0.37751964
0.40087444 0.2106071
0.40028897 0.4352703
0.397835 0.43456107
0.40594319 0.374194
0.40670183 0.40740508
0.39998296 0.2891549
0.39753783 0.48557398
0.40464014 0.36190808
0.40303314 0.38983557
0.40433294 0.44782135
0.40469095 0.10825581
0.40937284 0.3577577
0.39992794 0.4345348
0.39325377 0.33402523
0.39083618 0.40951863
0.4050614 0.35659266
0.40508303 0.39053467
0.41890532 0.2306704
0.39698723 0.46955156
0.4027771 0.46816862
0.4100759 0.16943608
