0.35944337 0.40250647
0.3589411 0.31557798
0.40874416 0.42133197
0.3328624 0.24872674
0.3850827 1.0
0.369985 0.4089515
0.38300472 0.74795395
0.33478424 0.3973725
0.43172762 0.30915138
0.3638953 0.4340893
0.33011973 0.42469347
0.4600069 0.7572284
0.3412547 0.20363562
0.44744498 0.3982336
0.36401275 0.4395764
0.39462066 0.40355414
0.3847214 0.38677382
0.39004076 0.3943157
0.36198413 0.35874784
0.38170302 0.34251776
0.35525578 0.8154216
0.36437494 0.49944597
0.3405946 0.4267145
0.37569898 0.35992506
0.33987764 0.40344235
0.40758282 0.40924922
0.3320309 0.3295967
0.36472926 0.40114218
0.35678375 0.44063663
0.3841795 0.59020835
0.34010056 0.248639
0.33925077 0.38498932
0.4077509 0.47062075
0.33256376 0.39617157
0.32971033 0.34024802
0.3495584 0.34344628
0.40779474 0.42461526
0.40157676 0.38306466
0.36582524 0.41984245
0.35477406 0.5445557
0.3674103 0.038227946
0.37823546 0.37979546
0.41089284 0.53683007
0.3539859 0.35320872
0.34044912 0.39164236
0.38423052 0.37311518
0.35702723 0.043766934
0.3751732 0.33295116
0.35325623 0.28134745
0.40795064 0.41058934
0.41350102 0.94079816
0.3819838 0.44143024
0.40985817 0.4322464
0.3497382 0.6829959
0.36979702 0.43718824
0.35007083 0.35827133
0.366278 0.3565978
0.3795241 0.42990652
0.40146965 0.40731427
0.38869965 0.38788462
0.35532486 0.361511
0.35159135 0.64290535
0.33221105 0.2741027
0.3536572 0.33684638
0.3390073 0.41782263
0.37761974 0.91940624
0.37993938 0.43403974
0.37929004 0.36784616
0.35249275 0.22740452
0.39231604 0.39809367
0.3574365 0.3454023
0.33194146 0.09009442
0.40193772 0.46470553
0.386536 0.4375663
0.3631662 0.7781582
0.41272998 0.374075
0.38169158 0.82927597
0.34076804 0.4329648
0.35606182 0.23043667
0.3777327 0.30667162
0.38786954 0.38703334
0.41532445 0.36602268
0.37520117 0.35177618
0.35242578 0.37092233
0.4125529 0.84117484
0.38884535 0.39577803
0.3796592 0.36648366
0.40733695 0.3781346
0.35064092 0.6862813
0.35071766 0.32926217
0.401505 0.3685329
0.37376645 0.3971819
0.36283162 0.42109126
0.40777335 0.40891537
0.371638 0.42670643
0.3357183 0.30848056
0.40321344 0.44808757
0.40393046 0.4483062
0.40718374 0.38477206
0.47045174 0.35718188
